[[-1.08579779e-02  6.16101315e-05 -2.80671101e-02 -8.39061849e-03
  -2.70766988e-02  8.68957769e-03 -1.82222780e-02  5.51799759e-02
   2.15354618e-02  1.66828826e-03  9.36178118e-03 -1.97125319e-03
   3.04536112e-02 -1.53316939e-02  2.15839390e-02  6.39071781e-03
   6.67454302e-03  2.34268196e-02 -3.63933109e-02  2.98933648e-02
   6.15713559e-03  9.99725051e-03 -1.44826621e-02 -6.64671743e-03
   1.00630298e-02 -1.31375529e-03 -8.69594421e-03 -3.01397312e-03
   3.21740471e-02 -9.88657819e-04  1.97972134e-02 -2.21857429e-03
  -1.61517169e-02  2.18257811e-02 -7.50478804e-02 -3.98627520e-02
  -1.10394796e-02 -2.76396219e-02  4.86005023e-02 -6.52240664e-02
   4.45024017e-03 -2.23670062e-02  4.85696793e-02 -4.45870087e-02
   2.77407677e-03  2.22133808e-02  7.50196772e-03  3.17460694e-03
  -5.22947311e-02 -1.48580056e-02 -4.01308350e-02  5.91829000e-03
  -1.87394824e-02 -1.18328789e-02  1.97592508e-02 -2.84704361e-02
  -3.27495392e-03  1.08808940e-02  3.32407653e-02 -6.62789121e-03
   3.93744186e-02  1.64374262e-02 -3.36475559e-02  1.03921881e-02
   5.78759015e-02 -2.73524132e-02 -2.41698436e-02  5.82772978e-02
   2.21617371e-02  9.52322967e-03 -3.33343912e-03  1.82909723e-02
  -6.86257752e-03 -9.55699850e-03 -1.81914214e-02 -1.35228140e-02
   6.83651259e-03  1.72365755e-02  3.25874202e-02  5.01585901e-02
   1.72268264e-02  4.66551557e-02 -1.33726597e-02  8.86487961e-02
  -1.38562208e-03  3.98795912e-03  2.16478407e-02  1.66500676e-02
   3.40117514e-02 -8.54616705e-03 -3.88635672e-03 -2.39066454e-03
  -6.64566159e-02 -2.55717542e-02 -2.26457082e-02  3.07479799e-02
   3.12604830e-02 -6.42246474e-03  3.53150698e-03 -3.27806035e-03
   1.30910631e-02 -1.34630315e-02 -2.45398679e-03 -1.77824404e-02
  -1.17316507e-02  1.02129616e-02 -6.11124411e-02  3.03950086e-02
   1.01290792e-02  1.10743204e-02  1.59417484e-02 -7.95688257e-02
   3.01755797e-02 -3.41010727e-02 -4.37976979e-02  5.34041412e-03
  -1.68080796e-02 -4.80056927e-02  4.06111358e-03  4.53446545e-02
  -9.77921300e-04  2.64825970e-02  3.70634496e-02  5.80284046e-03
  -1.08563015e-02  1.16834287e-02 -6.75553409e-03  3.68243903e-02
  -2.85885017e-03  6.48588222e-03 -5.48409391e-03 -4.34075631e-02
  -2.72640232e-02  5.31479537e-01 -3.31156999e-02  2.36479659e-02
  -1.53569682e-02 -3.38003412e-03 -7.42332935e-02  4.27854769e-02
   6.81597041e-03 -4.04425897e-02  1.18749589e-02 -2.85549518e-02
   1.54926833e-02 -6.06683828e-03 -4.81746644e-02 -2.42740568e-02
  -2.45759655e-02  8.58469773e-03 -1.51078580e-02  2.99562402e-02
   4.48892172e-03  4.17757034e-02  9.98348743e-03 -2.87678875e-02
  -1.90162417e-02  4.26847022e-03  2.96050869e-02 -2.04874910e-02
   6.78890059e-03  3.74076664e-02  9.18212906e-03 -6.19700598e-03
   1.92241138e-03  3.95142734e-02 -1.45300031e-02  5.32941259e-02
  -5.67692379e-03 -1.32200476e-02 -2.41361167e-02  2.36500539e-02
   7.65394270e-02 -6.43387511e-02  3.70659605e-02 -3.06893028e-02
   3.13030519e-02 -7.47165922e-03  7.63428956e-02  1.14230858e-02
  -6.70997351e-02  3.31237502e-02 -4.36676852e-02  3.84772569e-02
  -3.07957884e-02  1.65666677e-02 -6.07395172e-03  4.38493527e-02
   3.24281603e-02 -9.77907889e-03  3.50268185e-02  1.59183145e-02
   4.34734626e-03 -1.58827491e-02  2.54165847e-02 -1.94691420e-02
   3.94414030e-02  3.08350623e-02  1.06026046e-02 -1.59092695e-02
  -2.12426614e-02 -5.82372770e-02  5.06291492e-03 -1.63974240e-02
   4.28828644e-03 -1.15489424e-03 -6.68192562e-03  1.05422148e-02
  -3.92908156e-02  6.36162283e-03 -4.15353887e-02 -9.04101226e-03
   4.91870046e-02  7.74923293e-03 -3.57622541e-02  2.83705480e-02
   1.54651282e-02  1.65444985e-02  2.76807463e-03  1.74601506e-02
   2.40701232e-02  1.36052174e-02  2.03377232e-02  1.12264110e-02
  -2.17802543e-02 -2.53285710e-02 -2.55073793e-03 -3.08109336e-02
   6.11593481e-03 -1.87382158e-02 -4.02388237e-02  4.53239195e-02
  -3.24223265e-02  5.18026091e-02 -1.25252502e-02 -1.15198586e-02
  -4.46532890e-02 -1.64109599e-02 -4.24320698e-02 -2.27390658e-02
   3.97310778e-03 -4.63183271e-03  1.41542554e-02  2.16554403e-02
   2.25592814e-02  5.26958704e-02 -1.10017648e-02  4.79019731e-02
  -2.95517081e-03  6.34922786e-03  4.08612676e-02 -1.92991141e-02
   2.33634859e-02 -6.40956592e-03  6.19774275e-02  1.04083400e-02
  -4.22573686e-02  5.88360988e-02 -2.88077723e-02 -2.75483131e-02
  -3.22585404e-02  2.68928632e-02 -1.20235942e-02  4.15567197e-02
  -4.65051457e-02  3.74866165e-02  2.34026276e-02  2.19215918e-02
  -8.05471167e-02 -1.15939789e-03  2.13791281e-02  4.70239669e-02
   2.42628474e-02 -1.99453905e-02 -1.72169171e-02 -1.91953592e-02
  -1.77256558e-02 -1.72815565e-02  2.34429967e-02  1.16417753e-02
   3.80598865e-02 -2.61217412e-02 -4.92417403e-02 -3.17143127e-02
   1.20154116e-02  1.55740110e-02  2.27885973e-02 -1.13524199e-02
  -4.19126736e-04 -1.89153361e-03 -3.49127427e-02 -1.33880125e-02
   5.83332889e-02  4.61291820e-02 -5.60487770e-02  5.41035226e-03
  -4.92175929e-02 -4.71749976e-02  1.30015807e-02 -5.45557104e-02
  -9.29940119e-02 -5.43639138e-02 -1.97036285e-02  3.80812632e-03
  -3.44882868e-02  8.39433633e-03 -1.56568289e-02  2.69661993e-02
  -6.00503199e-03 -1.03096887e-02 -1.00614633e-02 -2.14347132e-02
   5.32089531e-01 -6.67540506e-02  1.71107873e-02  4.16350877e-03
   1.66989036e-03 -6.53583929e-02  4.89110453e-03 -4.76040915e-02
  -4.12440598e-02  4.56860028e-02 -9.59358737e-03 -3.72765698e-02
  -2.19108220e-02 -4.18345071e-02 -7.75836292e-04 -5.54253422e-02
   4.08558585e-02 -2.61305962e-02  1.89101677e-02  6.89676311e-03
   2.41085440e-02 -3.36036645e-02  5.68135222e-03 -4.37131971e-02
  -5.38724586e-02  2.03932403e-03 -4.09658737e-02  2.43305881e-02
   2.52914708e-03  3.23851779e-02  8.64800706e-04 -1.29759712e-02
   1.77901760e-02 -1.27981408e-02 -4.44393754e-02 -1.84566826e-02
  -5.59892226e-03  3.36397253e-02 -2.69029709e-03  2.50523556e-02
  -6.26700670e-02 -2.32077632e-02 -2.23787073e-02 -3.53406668e-02
   3.40210088e-02 -3.44632864e-02 -5.84232330e-04 -4.41891737e-02
   1.83355771e-02  2.25260239e-02 -1.33256484e-02 -4.01918255e-02
  -4.39523719e-02 -9.88643384e-04  1.68426502e-02  6.26756065e-03
  -1.55837433e-02  2.66970042e-02 -1.95558816e-02  8.33754428e-03
   1.99789926e-02 -3.87197845e-02  1.53701846e-02  4.48204298e-03
   2.22295281e-02  1.66190267e-02 -3.89256352e-03  3.27331387e-02
  -1.66442394e-02 -5.45065105e-02  4.70330901e-02  2.47946754e-03
   1.12823909e-02 -6.12999452e-03  3.40494327e-02 -7.65657565e-03
   1.94297601e-02  9.51755978e-03 -8.43882840e-03  5.16957790e-02
   5.63859008e-02 -3.41821741e-03  2.03140136e-02  2.35591289e-02
   1.15384031e-02 -1.55139901e-02  2.04320922e-02  5.73067293e-02
  -2.09924225e-02  1.00365207e-02 -1.58110801e-02 -1.61989909e-02
  -4.72030230e-03 -3.77869941e-02 -6.26011938e-02 -2.19254545e-03
   1.70183554e-02 -2.08103172e-02 -2.90025808e-02  2.23015361e-02
   6.77349884e-03 -1.01302201e-02 -1.42610306e-03 -2.48845220e-02
   4.15617488e-02  1.03207035e-02  1.02632316e-02 -1.99114848e-02
   1.92517154e-02 -4.83599640e-02  4.66938689e-02 -9.88807622e-03
   2.43666917e-02  7.91595411e-03  1.19717829e-02  2.57425904e-02
   8.64212494e-03 -1.55188972e-02  1.22296149e-02 -1.28285112e-02
  -4.02922891e-02 -3.11465049e-03 -8.18023365e-03 -1.94104633e-03
   1.25113670e-02 -4.91598845e-02  3.31195779e-02  1.65949259e-02
   1.25422012e-02 -3.98597345e-02 -1.36376685e-02 -6.77377591e-03
  -1.39377825e-02 -2.89967563e-02  1.66960098e-02  4.81523201e-03
  -6.69550244e-03 -3.10153626e-02 -1.89950783e-02 -3.92015092e-02
  -4.81518954e-02  1.51536344e-02  1.85695235e-02  4.86310804e-03
  -5.78928851e-02  7.75191421e-03 -6.94565289e-03  3.56076807e-02
  -6.59933360e-03  1.45819616e-02 -2.13717041e-03 -5.10819256e-02
   2.69335173e-02  3.70498821e-02  1.00048464e-02  7.71934073e-03
  -1.37092229e-02  9.21748858e-03 -6.68627722e-03  7.51532940e-03
   3.89626226e-03  1.42831111e-03 -1.77141428e-02  4.78503481e-02
  -1.71385817e-02  5.27785625e-03 -1.78593723e-03 -2.03904435e-02
   1.85019355e-02 -5.21901660e-02 -1.78922061e-02  9.40251071e-03
   3.42390202e-02  1.57259069e-02  2.67474148e-02 -1.95627240e-03
   3.78070399e-02  1.86776184e-02  2.71336688e-03 -2.58957241e-02
  -2.12430693e-02  7.78691471e-02 -2.99931355e-02 -5.49783790e-03
  -2.64130486e-03 -2.54670810e-02  1.32394079e-02 -1.45595754e-02
  -5.42827025e-02 -3.09079979e-02 -8.60417727e-03 -4.02833782e-02
   4.09469754e-02  4.95026493e-03 -7.79390242e-03 -2.81175878e-02
   4.91434522e-02  7.46847549e-03 -1.88187626e-03 -3.10730040e-02]]