[[-1.43974386e-02 -2.21621860e-02 -4.03472595e-02 -2.02915128e-02
   1.74283497e-02  7.89397862e-03  8.03344324e-03  5.95384054e-02
   1.31134167e-02 -1.37583434e-03 -1.63831525e-02 -9.64924041e-03
  -7.84814358e-03 -4.15438833e-03  5.06022060e-03  2.97960881e-02
  -4.25463397e-04  1.04867080e-02 -1.34050455e-02  3.44454609e-02
   1.53070856e-02 -2.52666306e-02 -2.18091346e-03 -9.89837013e-03
  -2.17371378e-02 -9.73821618e-03  1.18713463e-02  9.24567599e-03
  -9.30241961e-03  6.43740082e-03  1.38001726e-03 -2.57293303e-02
   6.44032436e-04 -1.58127379e-02 -1.26940645e-02 -1.04124323e-02
  -1.67705435e-02 -3.71841877e-03  3.65349129e-02 -3.48752439e-02
  -3.36056612e-02 -2.47561187e-02  1.62569042e-02 -3.71145196e-02
  -2.98217256e-02  2.76276246e-02  1.47219924e-02  2.14538369e-02
  -1.28487032e-02 -7.00477231e-03  1.19451048e-04  7.49977864e-03
   7.97301624e-03 -1.82743818e-02  4.92353924e-02 -1.42114032e-02
   9.27192345e-03 -7.41869025e-03  3.00990716e-02 -2.01561395e-02
   3.59311625e-02  7.43765198e-03 -2.82021542e-03  1.36076647e-04
   4.72001582e-02 -9.28869750e-03  1.12784002e-02  1.60779078e-02
  -3.01143155e-02  1.52248396e-02  2.50542653e-03  1.33870533e-02
   1.66421272e-02  1.65756214e-02 -1.03731025e-02 -1.08212326e-02
   5.02596144e-03  8.68762005e-03 -9.27813165e-03  3.36249247e-02
   2.51275990e-02  5.93987815e-02 -3.29596899e-03  2.99592372e-02
  -1.34894606e-02  1.32948318e-02  2.51007136e-02 -3.29579180e-03
  -1.13249877e-02  1.17987460e-02 -1.03721172e-02  2.92213671e-02
  -1.36726409e-01 -3.22544295e-03 -2.41797995e-02  2.16412786e-02
   2.49313414e-02 -3.74431629e-03  3.55875902e-02  5.20290947e-03
   2.56421114e-03  1.96689647e-02  1.87413895e-03  3.21280509e-02
   2.40698270e-02 -5.24398265e-03 -5.51136583e-02  6.78912923e-03
   1.42744117e-04 -2.45922375e-02  2.34703161e-02  2.26196542e-04
   4.77596140e-03  4.62037139e-03  2.17505395e-02 -2.25674845e-02
   6.31735334e-03 -1.86232701e-02 -7.58160744e-03  2.48834863e-02
   2.06715260e-02 -4.28618537e-03 -1.77892670e-02  9.97633324e-05
  -1.67898238e-02 -9.70602210e-04  1.78414434e-02 -5.61460527e-03
   7.04581896e-03  4.50293310e-02  3.27255088e-03 -3.21725570e-02
  -7.85741210e-03  5.97846627e-01  4.43599187e-03  2.59850789e-02
  -3.94001529e-02  8.18974432e-03 -4.21048589e-02 -4.59646434e-03
  -2.97492091e-02  8.02723225e-03 -2.41778214e-02  7.90164061e-03
  -2.49221884e-02 -4.36275266e-03 -3.68774310e-02 -4.96171601e-03
   9.86959692e-03 -2.59803124e-02 -2.79871118e-03  1.65255293e-02
   2.86000082e-03  2.54588779e-02 -2.00578980e-02 -2.27923803e-02
   1.43121211e-02 -5.58273634e-03  1.51162024e-03 -7.70516973e-03
  -1.75079054e-04 -9.16704815e-03  1.74510144e-02 -3.51985916e-02
  -2.35541165e-02  8.14617518e-03  1.74869131e-02 -2.68485211e-03
   4.85182786e-03 -7.37499120e-03  1.06520439e-02  1.88055225e-02
   2.34579314e-02 -2.01734696e-02  4.73833494e-02  5.32157067e-03
  -9.76454280e-03  1.30962476e-03  5.53608760e-02 -5.56425657e-03
  -3.32560092e-02 -1.93779217e-03  4.49156016e-03  3.18641700e-02
  -4.96317074e-02  1.27374195e-02  3.79618118e-03 -1.35380644e-02
  -4.38520825e-03  1.86787751e-02 -2.85184663e-03  1.04785115e-02
  -1.54060367e-02 -3.22966790e-03  2.72272676e-02 -1.45339668e-02
   6.89620664e-03 -2.76237424e-03  1.82854831e-02 -5.12805488e-03
  -1.84877794e-02 -1.61891244e-02  3.12746838e-02  2.16943547e-02
  -3.42472224e-04 -6.20020926e-03  3.70988902e-03  8.40188528e-04
  -1.33920135e-02 -2.79951468e-02  8.63273069e-03  1.51383290e-02
   2.49831770e-02 -2.59231161e-02 -1.82647221e-02  1.89267993e-02
   1.13254776e-02  3.63300107e-02  1.61882900e-02 -9.84348822e-03
   7.71506783e-03  1.49157818e-03 -1.02973124e-02 -3.61668281e-02
  -8.10154062e-03 -3.69110890e-02  2.64162458e-02  1.92183349e-02
  -1.28768720e-02 -2.70708581e-03 -2.14332435e-02  1.02276132e-02
   1.56723205e-02 -1.51353572e-02  1.98248290e-02  1.29643679e-02
  -4.45079245e-02 -1.19215902e-03 -1.72200352e-02 -1.62086282e-02
   3.91173027e-02 -8.05321056e-03  1.81942638e-02 -5.44942729e-03
   6.31965976e-03  7.37363771e-02  4.05186322e-03  3.73220667e-02
   2.95450352e-02 -1.41098602e-02  1.67150702e-02 -2.37902184e-03
   1.99333392e-02 -3.70633928e-03  2.80791298e-02 -1.76549964e-02
  -1.04378490e-02  2.74962690e-02 -3.18039879e-02 -3.98441181e-02
  -1.34670883e-02  4.09485586e-02  2.63379700e-02  6.98862784e-03
  -2.36345176e-02  2.37831250e-02  1.99154322e-03 -3.15110013e-02
  -5.15782684e-02  6.89587509e-03  2.89079808e-02  2.89409086e-02
   4.09619249e-02  3.50394566e-03 -1.42036779e-02  3.13206315e-02
  -2.21354533e-02  2.83841719e-03 -4.25231121e-02 -2.04567574e-02
   1.89921947e-03 -1.77711137e-02 -2.63283029e-02 -1.55668613e-02
   1.43794268e-02 -1.95727367e-02 -1.01964911e-02 -1.76006481e-02
   4.39263992e-02 -3.25153507e-02 -9.45963338e-03  1.90954506e-02
   4.55068843e-03  1.27889765e-02 -2.28235368e-02 -1.95043646e-02
  -1.77683551e-02 -2.74324045e-03  1.18175047e-02 -4.58274521e-02
  -2.94918343e-02 -5.95226092e-03  3.93520221e-02  1.33532230e-02
  -2.64821276e-02  1.69387311e-02 -2.93984078e-04  2.21634265e-02
  -1.85115281e-02  8.23586993e-03 -3.11830081e-02 -3.45529206e-02
   5.97722054e-01 -2.79850001e-03 -1.66987367e-02  3.82064730e-02
   3.35142459e-03 -5.33541888e-02 -1.38635160e-02 -1.22130401e-02
   3.54240416e-03  4.00225371e-02  1.91458426e-02 -1.78676862e-02
   7.70902308e-03 -3.57681029e-02 -3.74372024e-03  3.50262574e-03
   9.07252543e-03 -1.67927265e-01  9.52189788e-03  3.28554176e-02
   3.13070882e-03 -6.29540160e-03 -9.87418834e-03 -2.89890077e-02
   1.51302246e-02  6.06905762e-03 -3.23115438e-02 -1.46383513e-02
  -8.21232144e-03 -1.32492976e-02  1.27627486e-02  2.77430564e-02
  -7.71744223e-03 -1.56031707e-02 -6.63299719e-03 -1.52253127e-02
   1.15258507e-02  4.00184691e-02 -3.73771079e-02  6.71383087e-03
  -4.12941864e-03 -2.89769135e-02  1.64508093e-02  7.77197815e-03
   3.11606680e-03 -4.87696789e-02  2.17966340e-03  1.65840033e-02
   1.48331458e-02  3.02962475e-02 -3.61621082e-02  1.31440826e-03
  -3.45720388e-02 -2.00577583e-02 -9.83059965e-03 -1.55930128e-02
   5.13674319e-03  1.59187859e-03 -7.89380074e-03  1.28967920e-03
   7.15831853e-03 -3.30528873e-03  1.31101590e-02  5.84291061e-03
   3.33655253e-03 -1.68426998e-03 -2.30358206e-02  3.22110625e-03
  -1.23078134e-02 -3.21405344e-02 -1.93380956e-02 -6.18643779e-03
   2.70472839e-02 -2.70367824e-02  1.01527041e-02 -3.35723199e-02
  -5.84757794e-03  7.95689598e-03 -1.88312028e-02  6.74019195e-03
   1.64816156e-02  4.27893084e-03 -2.34528352e-02  1.19035468e-02
  -1.37981419e-02 -3.83609682e-02  3.93284624e-03  3.77125442e-02
   6.30022585e-03 -2.47722156e-02 -7.68101867e-03  5.23313589e-04
   2.00187806e-02 -2.52324864e-02 -6.03626249e-03 -2.74375663e-03
   3.82952839e-02 -3.90103832e-03 -2.25086343e-02  1.34922517e-03
   5.38583193e-03 -1.29845506e-02 -1.14998296e-02 -1.73418783e-02
   1.11844633e-02 -4.65739891e-02 -1.95805933e-02 -4.59813094e-03
   3.84221505e-03 -1.37875210e-02  1.79387853e-02 -1.72405373e-02
   1.00499270e-02  3.85670997e-02 -1.20520499e-03 -5.21860179e-03
  -9.53755248e-03 -3.63093279e-02  6.89435378e-03 -1.79983750e-02
  -4.05706502e-02  1.33898994e-02  1.20305745e-02 -1.16913924e-02
   9.30645224e-03 -2.06535328e-02  3.48032545e-03  3.58876097e-03
  -4.61511686e-03 -5.19086085e-02 -5.35003878e-02 -2.36471836e-02
  -3.64127825e-03 -8.55683349e-03 -1.69258267e-02  6.02111965e-03
   4.31484021e-02 -3.94275822e-02 -1.19185280e-02 -4.82074283e-02
  -1.05274068e-02  3.15357484e-02  3.24322656e-02 -1.53355421e-02
   4.42570588e-03  2.51585618e-02 -2.05271654e-02 -2.91638169e-02
  -2.88265534e-02 -1.15317376e-02  1.76719222e-02 -2.08474062e-02
  -6.00619533e-04  9.59160645e-03  1.59077588e-02 -5.08305663e-03
  -8.81712697e-03 -8.48408137e-03  4.75349650e-03  3.87919508e-02
   5.10442024e-03 -1.01399226e-02  2.14730594e-02  2.26479340e-02
   1.79812335e-03  2.79162964e-03  5.95410075e-03  9.18583013e-03
   3.23921558e-03 -1.05947517e-01  1.39286732e-02 -2.97007542e-02
   2.44778078e-02  4.37863730e-03  1.96363088e-02  2.02679243e-02
   1.41646257e-02  1.25797438e-02  2.10999325e-02  6.91749575e-03
  -1.06450170e-02 -2.00043004e-02 -3.48869688e-03 -1.63935381e-03
   3.56377102e-02 -4.59108204e-02 -2.58415733e-02  1.59998890e-02
   9.43695754e-03 -2.80733779e-02 -4.99551697e-03  1.32137630e-02
   1.79268345e-02 -2.82113790e-03 -4.72640758e-03 -1.95640195e-02
   1.10462708e-02 -2.02893130e-02 -8.57784133e-03  1.01116989e-02]]