[ 1.87858064e-02 -4.00382234e-03  1.51502052e-02  3.22767603e-03
 -3.27355936e-02 -3.57073136e-02  2.22358927e-02  7.25359749e-03
 -5.69850858e-03  2.27794424e-02 -2.91913170e-02  1.84938835e-03
  3.63149866e-02  2.61650290e-02  4.23267074e-02  5.19291358e-03
 -2.55864058e-02 -3.24081368e-04 -1.26892338e-02 -1.13337440e-03
  5.07218298e-03  5.09763276e-03 -1.05176624e-02  2.17986330e-02
 -1.77161843e-02  3.66747640e-02 -4.74328874e-04 -3.73898976e-04
  1.19175119e-02  3.51400976e-03  4.80711199e-02  1.31506845e-02
 -2.53462121e-02 -1.51785575e-02  3.48261483e-02 -7.10548228e-03
 -1.64656080e-02  2.19282024e-02 -2.09193397e-02 -2.20328420e-01
 -5.23306467e-02  7.89475534e-03  5.53611852e-03 -7.73861557e-02
  1.44023933e-02 -1.13651203e-03 -4.93840431e-04 -2.17368174e-02
 -2.34378632e-02 -1.72002763e-02  2.32868772e-02  1.51401088e-02
  1.96572784e-02  2.38459799e-02 -2.18398459e-02  2.14333050e-02
  5.04749408e-03  3.02586542e-03  2.60595400e-02  2.33014133e-02
  1.98231433e-02 -1.56543497e-02  6.19408526e-02  8.80192500e-03
 -2.98817921e-02 -2.35143546e-02  1.01071165e-03  2.22246870e-02
 -1.08820703e-02 -4.47386466e-02 -3.77519503e-02  6.30962662e-03
  1.67795382e-02 -2.67739929e-02  7.05062831e-03 -5.45765506e-03
  1.58579517e-02 -3.23725343e-02  1.25725251e-02 -2.15551015e-02
 -2.25476809e-02 -4.66926955e-03 -1.48462886e-02  4.66849878e-02
 -1.53662143e-02 -8.68077762e-03  1.76813677e-01 -3.55141773e-03
  2.35275179e-02 -2.04419997e-02  4.20165211e-02  4.83055748e-02
 -5.95348775e-01 -1.49260983e-02  3.65553633e-03  1.36700068e-02
  3.43449898e-02 -3.91064323e-02  4.95163500e-02 -3.79463546e-02
 -8.90904199e-03 -2.11764779e-02 -3.05829886e-02 -8.07465985e-03
 -4.00145054e-02  3.29124182e-02 -2.42841288e-01  2.64088586e-02
 -2.28162669e-02  7.54920486e-03  6.43966272e-02 -3.43210287e-02
  1.74795967e-02  3.89319584e-02  9.39329993e-03  1.75401680e-02
 -5.52714802e-03 -4.31880355e-02  3.04398201e-02 -2.14023758e-02
 -1.39171295e-02  2.23017409e-02  4.19396050e-02  1.77467912e-02
 -1.81247070e-02  5.17393835e-02 -2.04050150e-02 -1.73073597e-02
  1.33882677e-02 -3.61625738e-02  3.82135510e-02  1.92474499e-02
 -8.79244320e-03  8.47950131e-02 -3.70274484e-02 -3.10018309e-03
 -2.91757677e-02  1.24210846e-02 -6.04448020e-02  2.52417587e-02
 -1.31596616e-02 -1.18185887e-02  3.98825556e-02 -6.34902064e-03
 -3.86151522e-02  1.12322429e-02 -5.87406121e-02  4.90131602e-02
  3.35841672e-03  1.56935900e-02 -6.65093912e-03  4.44794632e-03
  3.37035768e-02 -2.78827474e-02  2.12413315e-02 -1.92293171e-02
 -8.00632965e-03  3.79747376e-02  3.80238071e-02 -7.23789679e-03
  8.65275320e-03  1.64277889e-02 -2.06605829e-02  1.25804897e-02
 -1.08480090e-02  1.96488835e-02 -1.62680708e-02  2.74671204e-02
 -1.34394895e-02 -2.13270355e-02  1.92311816e-02  3.88181619e-02
  4.03389633e-02 -2.88232788e-02 -4.47163209e-02  1.70526339e-03
 -1.97823923e-02  1.51257776e-02  6.85006753e-02  2.28662938e-02
  2.24299207e-02 -4.22972925e-02 -7.04956576e-02  5.83256176e-03
 -2.95327585e-02  1.18072135e-02  4.93039526e-02  5.64754829e-02
 -1.01495185e-03 -1.09202107e-02  1.81260593e-02 -8.56277253e-03
 -3.17653939e-02 -1.40793882e-02 -1.94729003e-03 -1.83955207e-02
  2.65330728e-02  2.92502902e-02 -2.72858944e-02  1.24258101e-02
  2.28249636e-02 -1.65155586e-02  2.56303716e-02 -6.59213662e-02
  3.27736102e-02 -5.52350050e-03 -2.57551186e-02  1.42551027e-02
 -4.69464716e-03  7.98908900e-03 -4.96036448e-02  3.50139849e-02
  7.16262218e-03  2.15421692e-02  1.01988774e-03 -2.27437634e-02
  2.40501221e-02  5.61999604e-02 -4.26695049e-02 -2.36077681e-02
  2.98435055e-02 -8.36537965e-03 -3.01650865e-03 -4.30330113e-02
  4.67254184e-02 -6.00295141e-03  1.23138698e-02  4.64066165e-03
 -3.78561057e-02  3.29843089e-02 -4.06982191e-02  3.20184566e-02
  1.36795305e-02  3.42565216e-02 -2.25011501e-02 -3.40268053e-02
  1.35957822e-03 -1.28478194e-02  1.54797705e-02 -2.16856453e-04
  2.08146516e-02 -6.18197024e-04  1.17892567e-02 -3.46963555e-02
 -1.25046773e-03  6.04443513e-02  3.10290814e-03  9.27711651e-02
  1.45818491e-03 -1.84360594e-02  2.19306815e-02 -2.10474618e-02
  2.63783522e-02  3.63319591e-02  7.92856887e-03 -5.65185584e-03
 -4.66532111e-02  9.29308310e-03 -6.43051490e-02  1.19506773e-02
 -4.02047299e-02 -2.04978362e-02  3.39706354e-02  5.92539571e-02
 -7.15068216e-03 -2.45193820e-02  2.64364369e-02 -7.06358775e-02
 -4.21227105e-02 -4.89009032e-03 -2.21952237e-02 -1.22269709e-02
  2.48138495e-02  3.18647288e-02  3.12790871e-02 -1.01620192e-02
 -6.33668005e-02 -9.43712599e-04  3.70950275e-03  5.43280579e-02
  3.16656977e-02 -9.32549883e-04 -1.26227969e-02  2.68848566e-03
 -5.80967683e-03 -6.60386449e-03  4.12287079e-02  1.24560483e-03
 -1.06321555e-02 -2.71000294e-03 -8.01247638e-03 -1.02960700e-02
  7.15562515e-03  1.41023425e-02  1.89263579e-02  4.32639495e-02
 -1.36123467e-02 -4.06740308e-02  3.03284582e-02 -2.97599677e-02
 -3.81681919e-02 -3.10787931e-03 -3.56873847e-03  2.15638950e-02
 -3.25184353e-02 -6.16697781e-02  6.73773587e-02  1.75853912e-02
  3.01259644e-02  6.26556501e-02  9.44020227e-03  7.32133305e-03
  8.47895741e-02  7.14261457e-03  1.27390842e-03 -1.13354940e-02
  5.48650650e-03 -7.29596056e-03  1.55263115e-02 -2.41035055e-02
  5.58183976e-02  1.55269489e-01 -3.08274683e-02  1.96128909e-04
 -4.33774628e-02  3.08975894e-02  2.04451731e-03 -5.78165501e-02
  2.08881591e-02 -1.18169747e-02  2.41638422e-02 -3.00918543e-03
  5.81633300e-02 -7.57795647e-02  7.21740304e-03  2.46272068e-02
 -5.86791139e-04  3.64136286e-02 -2.81079728e-02  3.24820280e-02
 -4.02845355e-04 -4.66260798e-02  3.99296023e-02  1.77871622e-02
 -1.49037186e-02 -4.79083788e-03 -2.46214848e-02  1.40599476e-03
  1.59258116e-02  2.30754726e-02 -2.85635097e-03 -3.36051695e-02
 -2.31149867e-02  1.09802047e-02 -2.85297204e-02  1.87725481e-02
  2.96730995e-02 -6.72326609e-02  2.00538859e-02  1.83475800e-02
 -2.86149271e-02 -2.33125407e-02 -4.26471755e-02 -3.82184200e-02
 -7.66916424e-02  3.65191884e-02  4.08314914e-03 -8.98783132e-02
 -7.48479227e-03  4.57625911e-02  6.97451364e-03 -2.77635385e-03
  7.68028051e-02  1.37491757e-02  3.03152837e-02 -4.59357761e-02
 -2.11323816e-02  5.83488401e-03 -4.78303805e-02 -1.85096506e-02
 -1.57260336e-02  4.72255889e-03 -4.90917116e-02  1.24140270e-03
  3.12760510e-02  2.12978967e-03 -5.06234122e-03 -1.81636289e-02
 -2.26690434e-02  3.02239116e-02  8.87456071e-03  3.36140767e-02
  4.21166420e-04 -9.97031573e-03  2.40353458e-02 -1.31382663e-02
  2.00140508e-04  1.55535741e-02 -4.43599001e-02 -2.28296556e-02
  4.42425609e-02  6.52060732e-02 -1.94546562e-02 -2.07309183e-02
  9.63656045e-03 -2.76669487e-02 -1.27245598e-02 -1.87202822e-02
  1.01972125e-01  1.93153806e-02 -3.03672105e-02 -4.63917293e-03
 -3.94021685e-04  2.58327983e-02 -1.48400115e-02  1.82697549e-02
  6.66274652e-02 -3.15682478e-02 -4.81971577e-02  6.89742994e-03
  1.58532877e-02 -1.73578598e-02  7.42618367e-03 -1.71837304e-02
  1.88514721e-02  4.10519466e-02 -6.50498830e-03 -1.30144728e-03
 -1.64335772e-01  3.76394130e-02  1.87915787e-02  2.40617208e-02
 -5.60190640e-02 -2.00604871e-02 -4.87437844e-02 -6.69335946e-02
 -9.22968984e-03  2.16384418e-02 -2.14963164e-02 -2.27646828e-02
  2.18546893e-02  7.68630346e-03 -3.92052941e-02  5.78092374e-02
  1.36376461e-02 -4.15235385e-02 -2.50794124e-02 -1.86770055e-02
 -1.29099339e-02  3.40213208e-03 -3.01463474e-02  2.11945530e-02
  2.51846258e-02 -3.11904196e-02  6.74761366e-03  1.96620021e-02
 -4.84322049e-02  1.81434434e-02  1.48019139e-02  6.22545078e-04
  1.13722552e-02 -2.00465247e-02 -3.68615314e-02 -2.89802067e-02
 -5.26980357e-03  2.34823599e-02  5.79259126e-03 -1.11301569e-02
 -1.18916994e-02  7.14860158e-03  1.61875710e-02  5.16658090e-02
  1.32685527e-02 -3.89361568e-03 -2.55723614e-02  2.20945086e-02
 -1.72423050e-02  1.44903976e-02 -7.46180303e-03 -2.09245589e-02
 -3.67915779e-02 -3.51030901e-02 -2.97172256e-02 -2.39562299e-02
 -2.89844573e-02  2.36971509e-02 -3.08368262e-03  7.62773678e-03
  2.54699383e-02 -2.93843690e-02  6.05615489e-02 -1.62363909e-02
  1.12184398e-02 -4.75451723e-02 -3.94967981e-02  1.80673897e-02
  2.04798821e-02 -4.18887846e-02 -1.18297134e-02  2.76191030e-02
 -6.29416108e-02 -4.27108631e-02 -1.59583800e-02 -1.84003767e-02
  2.69014612e-02 -3.29376683e-02 -2.47287508e-02  1.68144405e-02
  1.88703295e-02  8.97879079e-02 -1.56184509e-02  4.84763994e-04]