[[-3.57829407e-02  1.74235553e-02 -4.26555239e-02  6.84443414e-02
  -2.58335713e-02 -1.29492441e-02 -1.20554818e-02  2.86948010e-02
   1.28104296e-02  7.04728672e-03  3.73335369e-02 -1.02640465e-02
   1.11826779e-02 -2.04755962e-02  1.47739584e-02  2.99429335e-02
   1.34925796e-02  1.88124832e-02 -3.52036767e-02  2.35749744e-02
   3.39124614e-04 -2.00527371e-03 -4.40881439e-02  2.46831533e-02
   4.13314924e-02  4.82245535e-02  1.51912542e-03 -1.63049102e-02
  -1.44127207e-02 -3.04481443e-02  2.02792585e-02 -1.08298343e-02
  -4.95870151e-02 -4.04032171e-02 -7.43675604e-02 -2.07623392e-02
   4.84831445e-02 -1.10273100e-02  5.84518118e-03 -5.53204566e-02
  -4.30388525e-02  9.38105397e-03  4.95523512e-02 -4.80240397e-03
   6.97457185e-03  2.93296892e-02  4.50005010e-02 -4.06804346e-02
  -5.07747531e-02 -1.48968268e-02 -1.00952918e-02  9.53787193e-03
  -3.76800261e-03  1.93708800e-02  1.29451361e-02 -6.41418621e-03
   8.44564196e-03  6.88985288e-02  3.78333740e-02  1.58753784e-04
   2.52276398e-02  1.19478060e-02 -1.48454169e-02 -6.38280704e-04
   4.45135571e-02 -2.33422555e-02  2.19404865e-02  6.74892291e-02
   1.10397227e-02  1.88319515e-02 -2.65738890e-02 -1.68862119e-02
   1.77859738e-02  4.29557376e-02 -1.45085789e-02 -6.15469972e-03
   1.94765497e-02  5.04941447e-03 -6.48912089e-03  5.33909537e-02
   4.69636098e-02  2.15342902e-02 -4.65106852e-02  6.41622171e-02
  -2.08505914e-02  1.86630804e-02  1.80517323e-02  2.87186615e-02
   2.49285065e-02 -9.61441919e-03 -3.19089182e-02 -3.91207635e-03
  -6.79022744e-02  8.53759516e-03 -4.07742895e-02  3.54913883e-02
   2.12288089e-02  2.08950937e-02  3.75847984e-03 -4.82040783e-03
  -2.95974072e-02  2.10731272e-02 -2.07906794e-02  2.76065692e-02
   2.76665110e-02 -1.74693838e-02 -6.08696640e-02  6.14610873e-02
   6.07434800e-03  7.23471120e-03  1.28663378e-02 -1.12406105e-01
   3.97523828e-02  1.44526558e-02 -5.89597821e-02  2.62736939e-02
   1.31829288e-02 -8.03229958e-03 -3.90671380e-02  7.53538311e-02
   4.48833816e-02 -1.90952159e-02  2.07695067e-02  3.03887017e-03
   8.31828173e-03  2.01282706e-02  4.14861506e-03 -2.18784325e-02
   7.92047568e-03  1.52594186e-02  3.24599706e-02 -7.10027292e-03
  -4.02671881e-02  5.04557550e-01 -3.12877633e-02  3.21359001e-02
  -2.52038315e-02 -2.49935407e-02 -5.20176440e-02 -4.43395451e-02
  -2.44136099e-02 -1.37529690e-02  1.50626118e-03  6.78749196e-03
  -2.56305262e-02  1.04382010e-02 -9.21722054e-02 -3.49698924e-02
  -1.48413936e-02 -1.26483440e-02 -2.02339031e-02  2.57778019e-02
  -3.60682083e-04  2.82254312e-02 -2.52659172e-02 -1.33428471e-02
  -2.66033504e-02 -2.69944314e-02  1.03307879e-02 -1.28388936e-02
   7.54765701e-03  3.08820754e-02 -2.42649652e-02 -2.96947751e-02
   2.99243815e-02  2.29857434e-02  1.13270469e-02  3.10738925e-02
  -1.77714415e-03 -3.48548517e-02 -4.54220083e-03  2.62844209e-02
   4.37948108e-02 -2.70287301e-02 -3.63485166e-03 -7.62322312e-03
   2.46051606e-02 -1.55059397e-02  6.91844448e-02  2.60964464e-02
  -1.08507331e-02 -2.96647311e-04 -4.76223901e-02  4.89633046e-02
  -1.96348876e-02  5.13155758e-03  2.95220464e-02  4.49658744e-03
   2.58479174e-02 -2.75170282e-02  1.86367258e-02  3.69534343e-02
  -1.71447862e-02 -1.27128290e-03 -4.49821679e-03 -4.18451428e-03
   1.19133051e-02 -9.27226245e-03  1.70326047e-02 -1.27281658e-02
  -1.33729177e-02 -5.23389168e-02  1.77014936e-02 -1.04010049e-02
   4.65124585e-02 -1.86557341e-02 -8.21467396e-03 -2.89618652e-02
  -2.16650795e-02  1.37174288e-02 -4.08611335e-02  2.02198140e-02
   2.22472232e-02 -1.72544084e-02 -1.43771507e-02  8.86024069e-03
   2.40193736e-02  8.20986554e-02 -1.92081183e-02 -4.38068099e-02
  -1.58529412e-02  2.26342934e-03 -8.31236131e-04  3.36227752e-02
  -1.20642874e-02  1.18688978e-02  3.18360217e-02 -7.45256944e-03
   1.83247887e-02 -7.02387765e-02 -3.77708115e-02  6.48747534e-02
  -4.99898219e-04  7.17411935e-03  7.66939484e-03 -6.77426951e-03
  -4.06241827e-02  1.14163356e-02 -2.81161591e-02 -1.63723119e-02
   3.51531096e-02  5.20710740e-03  3.08013652e-02  3.72429914e-03
  -2.84354165e-02  6.75320551e-02  2.86987107e-02  5.68843111e-02
  -2.80382074e-02 -3.10913026e-02 -2.88573955e-03 -9.44774412e-03
   3.63703854e-02  2.23377626e-02  5.88842817e-02 -1.98563710e-02
  -5.32772765e-02  1.27951130e-02 -1.04382234e-02 -2.21331343e-02
  -5.58280535e-02  2.12750714e-02  4.12441455e-02  1.85656175e-02
  -7.80101717e-02 -9.10264626e-03  3.24728861e-02 -5.30681275e-02
  -4.40618023e-02 -3.03936042e-02  1.63577050e-02  1.66197978e-02
   7.35628791e-03 -6.48329267e-03 -2.72617508e-02  9.27139074e-03
  -3.11095305e-02 -1.74026694e-02  6.18791534e-03  4.50955522e-05
  -3.49776517e-03 -4.41339798e-02 -5.44998832e-02  1.17471758e-02
  -4.89764921e-02  7.15483446e-03  1.56754311e-02 -2.32536923e-02
  -3.16961028e-04 -5.47513133e-03  2.84488616e-03 -1.86098192e-03
   2.65816711e-02  6.75488189e-02 -4.49913554e-02  2.03691777e-02
  -3.53043601e-02 -3.40470672e-02 -9.97581426e-03 -3.70666087e-02
  -4.33862582e-02 -4.39273715e-02 -4.48648743e-02 -2.39224848e-03
  -1.60381999e-02 -2.29379144e-02  2.30934788e-02  2.33547781e-02
   1.01996530e-02  2.70995923e-04 -3.80325988e-02 -3.99285778e-02
   5.05471110e-01 -1.01256967e-02  1.04767969e-03 -1.61213800e-03
   3.13252620e-02 -7.34757632e-03 -1.21227363e-02 -5.49203269e-02
  -7.72914151e-03  3.36998105e-02  3.18621919e-02  7.34553952e-03
  -1.05982311e-02 -7.94483423e-02  1.04286929e-03 -1.71128269e-02
  -1.27602406e-02  9.13812872e-03  3.01370211e-02  3.79296131e-02
   1.56622287e-02 -7.91958347e-02  1.00992983e-02 -8.10597651e-03
  -1.28660193e-02  8.81978497e-03 -4.25828807e-02  3.17018256e-02
  -1.86411943e-02  3.63121107e-02  2.88078189e-02  2.61174124e-02
   5.28455526e-02 -3.93016525e-02 -2.87753642e-02 -3.25295180e-02
  -2.53429729e-03  2.55378317e-02 -2.32597068e-02 -7.86433346e-04
  -5.26625216e-02  1.43034030e-02 -2.80091856e-02 -1.49726141e-02
   1.21640833e-02 -5.03622703e-02 -2.39712093e-02 -6.50028512e-03
   1.73389148e-02  1.48310661e-02 -3.30444016e-02 -5.37856892e-02
  -5.89126721e-02 -3.95528488e-02  2.50137150e-02 -2.17372235e-02
   7.78969331e-03  8.48925207e-03 -5.49712889e-02 -1.07212747e-02
   6.84034154e-02 -2.54865978e-02 -6.22271188e-03  9.25570726e-03
  -5.08032739e-03  6.81135745e-04  6.15773723e-03  4.35108244e-02
  -6.01519495e-02 -4.09125686e-02  2.66009755e-02  2.40378408e-03
   3.22035886e-02  4.88375407e-03 -3.95067548e-03 -2.33085826e-02
  -3.21343951e-02  2.01661419e-02 -1.40877590e-02  1.85729191e-02
  -2.88464651e-02 -3.01020276e-02  3.02353520e-02  3.27495970e-02
   1.37394005e-02  1.90408621e-02 -6.42837398e-03  5.95778339e-02
   2.84889783e-03  1.70259271e-02 -1.00932196e-02 -2.85446960e-02
   1.59534570e-02  3.65201244e-03 -6.06216863e-03 -3.71940508e-02
   2.84733623e-02 -4.11026552e-02 -1.98816992e-02  1.42253051e-02
   1.69994421e-02 -1.22255106e-02 -1.13694593e-02 -1.38873318e-02
   1.65361241e-02 -6.72716126e-02  1.54211661e-02  1.57789662e-02
   2.95967311e-02 -1.00201011e-01  5.22044972e-02 -3.60654704e-02
   1.06173921e-02 -7.96247768e-05 -5.08265244e-03 -4.75397380e-03
  -1.71317030e-02 -2.79928446e-02  1.72718000e-02 -3.27179506e-02
  -2.57765781e-02 -4.88508400e-03 -2.40690745e-02 -4.28415351e-02
  -1.46154752e-02  1.66771747e-02  7.19938753e-03  1.38380034e-02
  -6.14811759e-03 -1.12163164e-02 -3.47332582e-02 -1.66185983e-02
  -1.54533740e-02 -2.22603437e-02 -1.37576265e-02 -5.39180934e-02
  -2.00714376e-02 -2.35442277e-02  2.95725614e-02 -4.67759743e-02
  -3.38357873e-02 -1.89823918e-02  4.92872559e-02 -7.30618695e-03
  -2.54366137e-02  7.20790261e-03 -1.07764117e-02 -1.55693563e-02
   4.32887189e-02  2.07833797e-02 -5.43374754e-02 -5.24150133e-02
   2.22513843e-02  2.27008574e-02  6.40720278e-02 -8.64329841e-03
   2.80250292e-02 -1.75636001e-02  8.83806683e-03  7.86038712e-02
   2.12162957e-02  1.47100622e-02 -2.56472342e-02  3.74771208e-02
   2.80786790e-02 -8.63614585e-03  1.69728473e-02  3.70429121e-02
   1.26485713e-02 -4.06429432e-02 -6.37538405e-03  4.83160689e-02
   2.19974909e-02  3.26743163e-02  5.58000877e-02 -2.40303632e-02
   3.87058519e-02 -2.59146020e-02  2.70910747e-03  9.81849525e-03
   1.58306560e-03  9.44756418e-02 -2.58634910e-02  8.18381924e-03
   1.73697025e-02 -3.51289287e-02 -1.11836754e-02 -1.17257275e-02
  -5.97930588e-02 -1.72745623e-02  5.12752868e-02 -3.80466804e-02
   2.55655330e-02 -5.99744031e-03 -8.25414620e-03  7.76882167e-04
   5.78785595e-03  4.23604809e-03 -1.85434297e-02 -3.23353277e-04]]