[ 1.89943388e-02 -4.66626989e-05  1.43534951e-02  2.59239622e-03
 -3.40307578e-02 -3.56052928e-02  2.01863628e-02  2.05550715e-03
 -4.44238214e-03  2.19704695e-02 -2.96174698e-02  1.50335196e-04
  3.54232416e-02  2.70017441e-02  4.22322042e-02  3.17724468e-03
 -2.85656657e-02  2.61840690e-03 -1.25386696e-02 -1.83134712e-03
  6.19098404e-03  5.39229065e-03 -1.21132275e-02  2.50154771e-02
 -2.02741642e-02  3.82251889e-02  2.70288298e-03  2.39317212e-03
  1.30464295e-02  5.79667324e-03  4.69054878e-02  1.20077012e-02
 -2.41261628e-02 -1.44107882e-02  3.78697067e-02 -7.15016574e-03
 -1.33531401e-02  2.01702826e-02 -2.27461122e-02 -2.22313046e-01
 -5.27068079e-02  6.49279542e-03  5.08119818e-03 -8.01226124e-02
  1.47939650e-02 -1.53954385e-03  7.31205218e-04 -1.85494758e-02
 -2.53256466e-02 -1.72322951e-02  2.58129872e-02  1.69338956e-02
  1.90265290e-02  1.97516307e-02 -2.24614032e-02  2.09948327e-02
  5.34761511e-03 -8.37833213e-05  2.42491812e-02  2.17224117e-02
  2.37354785e-02 -1.73203610e-02  6.66158125e-02  8.20493512e-03
 -2.74724476e-02 -2.59134527e-02  2.40102410e-03  1.83637738e-02
 -8.94700270e-03 -4.79797609e-02 -3.77349816e-02  5.14397770e-03
  1.26164397e-02 -2.99072731e-02  6.52011158e-03 -6.86909445e-03
  1.35134943e-02 -3.26057933e-02  1.40600121e-02 -1.84732080e-02
 -1.89617351e-02 -8.12357850e-03 -1.50088519e-02  4.47136648e-02
 -1.30907893e-02 -6.94972044e-03  1.77137598e-01 -5.07872412e-03
  2.60118041e-02 -1.43156732e-02  4.24912386e-02  4.92718630e-02
 -5.86935461e-01 -1.26894992e-02  1.97741622e-03  1.41167333e-02
  3.57043967e-02 -3.77277136e-02  4.50773314e-02 -3.89676876e-02
 -7.01669045e-03 -2.28094775e-02 -3.04084122e-02 -9.76450276e-03
 -4.14653681e-02  3.55569534e-02 -2.44068176e-01  2.54176036e-02
 -2.49134917e-02  6.37409091e-03  6.77244514e-02 -3.22081298e-02
  1.94733795e-02  4.13451381e-02  8.26916192e-03  2.02952158e-02
 -3.85315216e-04 -4.04645018e-02  2.80262213e-02 -2.05896236e-02
 -1.63916796e-02  1.80928148e-02  4.35012877e-02  1.73807926e-02
 -1.33273276e-02  5.26992753e-02 -2.03305539e-02 -1.76946614e-02
  1.32145686e-02 -3.63468304e-02  3.97710018e-02  1.87564101e-02
 -9.91412159e-03  8.40584636e-02 -3.72857563e-02 -4.56733862e-03
 -2.84508523e-02  1.19465636e-02 -5.96509874e-02  2.45671608e-02
 -1.21127758e-02 -1.51843168e-02  3.81629057e-02 -6.80083502e-03
 -3.58614922e-02  1.16078099e-02 -5.65340072e-02  4.67387177e-02
  6.65605022e-03  1.70513093e-02 -6.33762358e-03  5.30536752e-03
  3.61556076e-02 -2.54964307e-02  2.10358594e-02 -1.72495656e-02
 -6.34431280e-03  4.22508791e-02  3.23471017e-02 -8.58485233e-03
  1.32755097e-02  1.84124410e-02 -2.27177199e-02  1.39039531e-02
 -1.31345000e-02  2.47653835e-02 -2.19802503e-02  2.60725617e-02
 -1.61066782e-02 -2.36658622e-02  1.88329387e-02  4.13454138e-02
  4.06755880e-02 -2.99051069e-02 -4.40948978e-02  2.45593069e-03
 -1.85353905e-02  1.61795113e-02  7.14871734e-02  1.84731390e-02
  2.38005500e-02 -4.60058749e-02 -7.25034103e-02  4.98187868e-03
 -3.27047072e-02  1.29195591e-02  4.44662981e-02  5.89703172e-02
 -1.69784797e-03 -1.19591122e-02  1.63423698e-02 -1.01275332e-02
 -2.99832784e-02 -1.22411558e-02 -1.46863668e-03 -1.60557441e-02
  2.70646904e-02  3.09061948e-02 -2.84478925e-02  6.69120625e-03
  2.28869021e-02 -1.64493360e-02  2.64366381e-02 -6.27406836e-02
  3.10234688e-02 -1.50400412e-03 -2.49183215e-02  1.29839508e-02
 -5.12032164e-03  1.07986238e-02 -4.77504544e-02  3.48306522e-02
  1.16218366e-02  2.43019443e-02  2.59179948e-03 -2.43661739e-02
  2.39723586e-02  5.97389303e-02 -4.41824347e-02 -2.32904479e-02
  2.89610419e-02 -1.18281282e-02 -4.78656217e-03 -4.23856229e-02
  4.67044227e-02 -4.54802561e-04  1.13274315e-02  1.99870579e-03
 -3.46181691e-02  3.20934244e-02 -4.08461466e-02  3.21917050e-02
  1.26772700e-02  3.10150478e-02 -2.16225646e-02 -2.88969632e-02
  4.11019893e-04 -1.29708527e-02  1.81716848e-02  1.23807648e-03
  1.96471754e-02  1.57814880e-03  1.05906902e-02 -3.24887000e-02
  1.82003772e-03  6.19717613e-02  1.77696918e-03  9.12718624e-02
  8.66620918e-04 -2.01550461e-02  2.14461330e-02 -1.94433592e-02
  2.57925615e-02  3.88234109e-02  6.55666180e-03 -5.16450172e-03
 -4.75098528e-02  9.00676660e-03 -6.38896897e-02  1.31659890e-02
 -4.19772714e-02 -2.29244959e-02  3.50420065e-02  6.31886646e-02
 -7.02815363e-03 -2.48295628e-02  2.88635027e-02 -6.93174303e-02
 -4.48151529e-02 -3.18603776e-03 -2.34317277e-02 -1.18709719e-02
  2.70050764e-02  2.98408438e-02  2.96361800e-02 -1.06108775e-02
 -6.51961714e-02 -1.99405360e-03  1.93096779e-03  5.57719693e-02
  3.47641185e-02 -5.60848648e-03 -1.95717718e-02  5.41662390e-04
 -9.88388155e-03 -8.49459041e-03  4.41783555e-02 -1.40189880e-03
 -9.84239299e-03 -4.33357107e-03 -7.62131857e-03 -9.50283464e-03
  5.76420687e-03  1.66556463e-02  1.97526105e-02  4.32417989e-02
 -8.91706813e-03 -4.23782468e-02  3.18226926e-02 -2.99200937e-02
 -4.05557975e-02 -9.01802443e-04 -1.75771129e-03  2.19204128e-02
 -3.01807597e-02 -5.87591603e-02  7.15734735e-02  1.14882430e-02
  3.13582644e-02  6.32464215e-02  1.31068118e-02  8.50352179e-03
  8.40608552e-02  2.09641736e-03  1.00228342e-03 -1.26120606e-02
  4.77828411e-03 -7.57340994e-03  1.82229020e-02 -2.27165949e-02
  5.34056388e-02  1.60075143e-01 -3.26597951e-02 -2.69412203e-03
 -4.71099019e-02  3.03839296e-02  2.56745168e-03 -5.47754541e-02
  2.07952876e-02 -1.47001427e-02  2.28360444e-02 -3.12531623e-03
  5.63669354e-02 -7.32857659e-02  6.80302316e-03  3.05158086e-02
  2.10811594e-03  3.65638770e-02 -3.15868482e-02  3.28034237e-02
 -4.03254339e-03 -4.27573659e-02  4.53461520e-02  1.55258784e-02
 -1.34567833e-02 -3.04401270e-03 -2.49426141e-02 -1.08982297e-03
  1.49871614e-02  2.58866083e-02 -2.52705789e-03 -3.50880399e-02
 -2.60314327e-02  1.51615860e-02 -3.44742276e-02  1.32947955e-02
  3.22008952e-02 -6.47998080e-02  1.91873703e-02  1.47343101e-02
 -3.28596383e-02 -2.50390861e-02 -4.29625548e-02 -4.20131609e-02
 -7.88693652e-02  4.05131653e-02  4.80344426e-03 -9.29787159e-02
 -8.97177029e-03  4.39343788e-02  5.60801057e-03 -5.51078818e-04
  7.51375556e-02  1.62048507e-02  2.73294225e-02 -4.48829494e-02
 -2.16399785e-02  9.78970155e-03 -5.21045588e-02 -1.40514523e-02
 -1.57083645e-02  8.44684616e-03 -4.77828719e-02  2.30254140e-03
  3.37961875e-02 -7.92801322e-04 -3.97124421e-03 -2.22681146e-02
 -2.18161028e-02  2.88383923e-02  1.04998928e-02  3.28699201e-02
  4.79121460e-03 -9.46891867e-03  2.43627541e-02 -1.81905944e-02
 -1.05400349e-03  1.38247153e-02 -4.42679189e-02 -1.87959448e-02
  4.78319265e-02  6.79181144e-02 -2.46914867e-02 -2.06301995e-02
  4.85868938e-03 -2.59243231e-02 -1.44942813e-02 -1.80275012e-02
  1.05580851e-01  2.13679597e-02 -2.94692572e-02 -3.70976329e-03
 -3.40288808e-03  2.50994489e-02 -1.16915768e-02  1.82532612e-02
  7.23600388e-02 -2.86736768e-02 -4.73955385e-02  7.43553182e-03
  1.91062707e-02 -1.81706157e-02  1.19436467e-02 -1.42852552e-02
  1.86610837e-02  4.46674451e-02 -3.11204093e-03 -4.60294774e-03
 -1.61828682e-01  3.80391590e-02  1.96049996e-02  2.56587900e-02
 -5.36778644e-02 -2.33067572e-02 -4.88708280e-02 -6.50317669e-02
 -6.75744936e-03  2.47259587e-02 -2.26677470e-02 -2.22915877e-02
  1.56668816e-02  5.88789349e-03 -3.80087830e-02  5.75754009e-02
  1.15699358e-02 -4.22133394e-02 -2.75736395e-02 -2.08147205e-02
 -7.43429502e-03  1.36103516e-03 -2.84179077e-02  2.29166187e-02
  2.49661095e-02 -3.56093422e-02  7.32781226e-03  1.35310628e-02
 -4.91420962e-02  1.76672675e-02  1.82959177e-02 -8.19659326e-04
  1.16805155e-02 -1.50568690e-02 -3.64272408e-02 -2.81828698e-02
 -2.92934151e-03  2.63325833e-02  5.64874755e-03 -9.09100752e-03
 -1.01076197e-02  5.66226291e-03  2.01063398e-02  5.14753051e-02
  1.32645527e-02 -7.57662905e-03 -2.34962665e-02  2.18918119e-02
 -2.00363435e-02  1.65042412e-02 -5.25403628e-03 -1.89005230e-02
 -3.63402702e-02 -3.49266641e-02 -2.91032344e-02 -2.42770463e-02
 -2.59386692e-02  2.55027022e-02 -4.11795778e-03  3.19754425e-03
  2.59940177e-02 -2.75784507e-02  5.89902736e-02 -1.90700144e-02
  8.70359316e-03 -4.71642055e-02 -3.93344909e-02  1.96936149e-02
  2.14105602e-02 -4.05446216e-02 -1.06000435e-02  2.81245597e-02
 -5.90652227e-02 -4.43578921e-02 -1.51651930e-02 -2.13611294e-02
  2.59792618e-02 -3.38517055e-02 -2.20618062e-02  1.66768134e-02
  1.94339864e-02  9.21297073e-02 -1.45257981e-02  7.15181464e-04]