[[-3.17080459e-03 -1.87060318e-03  9.81320255e-03 -8.45925789e-03
   5.73774315e-02  2.57894397e-02  2.02539191e-02 -1.39693925e-02
  -1.52705079e-02 -3.68683636e-02 -4.03431468e-02 -1.61699634e-02
  -3.33952792e-02  3.33522633e-02  2.28985380e-02 -4.35583629e-02
   1.02751481e-03  4.11544889e-02 -1.42888697e-02 -3.21446396e-02
   1.11727202e-02  1.40625071e-02  2.87645161e-02  2.34784987e-02
  -2.65967473e-02  1.00667896e-02 -2.72607114e-02  2.65428144e-02
   1.06070843e-03 -3.29384990e-02 -1.94455255e-02 -1.95408892e-02
   1.09187886e-03  5.53931482e-03  1.39348982e-02 -2.94187712e-03
   3.25083360e-03  2.26079095e-02  1.99650675e-02  1.01675065e-02
  -3.55357863e-02 -8.74882156e-04 -3.22846994e-02  1.22354906e-02
  -7.95439538e-03  2.89447345e-02 -3.09847984e-02 -1.75395012e-02
   1.67705156e-02 -2.34867502e-02  1.14398217e-02 -1.65150389e-02
  -6.16237009e-03  1.88850351e-02 -1.33285336e-02  1.77366603e-02
  -2.58745556e-03  2.63381582e-02 -1.21817244e-02  3.40317450e-02
  -9.27244686e-03  1.97958872e-02 -1.60734877e-02  1.46547779e-02
  -7.84912799e-03  4.54110019e-02 -9.26404842e-04 -1.50263710e-02
   1.36972591e-02 -2.44665109e-02 -8.91353562e-03  3.63862813e-02
   1.35514196e-02  5.31254616e-03 -6.68612542e-03 -3.71231064e-02
  -5.23706153e-03  1.24247819e-02 -6.79896027e-03 -4.29523876e-03
   9.54575092e-03  4.95705707e-03 -1.57584753e-02  3.92206758e-02
   1.03300754e-02  1.93424299e-02 -1.93231646e-03 -2.17705630e-02
   1.84337050e-02 -2.81196386e-02  4.01626229e-02 -6.46849535e-03
   2.36769710e-02  3.37000005e-02 -4.49782722e-02 -5.17557636e-02
  -7.95959495e-04  2.04057116e-02  1.06755355e-02 -3.22266743e-02
   2.16269633e-03  7.25496700e-03  1.32337855e-02  1.77076533e-02
   4.47428506e-03  2.43168883e-02 -6.76033879e-03 -6.92622410e-03
  -2.67254394e-02 -4.53574210e-03  1.56061631e-02  4.55549452e-03
   1.22208465e-02 -1.01445122e-02 -3.06672733e-02  8.82175565e-03
  -1.03731193e-02 -1.42861845e-03  4.44240384e-02 -1.12421596e-02
  -2.30698287e-02 -2.37145945e-02  3.74707915e-02  9.44152195e-03
  -2.00848114e-02 -4.43538241e-02  3.74422967e-03  8.25903844e-05
  -3.99104021e-02  2.39951834e-02  5.31357620e-03 -1.45380599e-02
   2.36032829e-02 -2.36388668e-02  9.03596450e-03  4.09064926e-02
  -3.33341421e-03  2.18411777e-02  1.44483754e-02 -9.55915358e-03
  -1.27895856e-02 -2.35257912e-02  3.33225355e-02  4.82447147e-02
   1.61708076e-03  1.00967698e-02  2.98826993e-02  2.41874997e-02
  -3.65532674e-02 -2.00817101e-02 -1.14722224e-02  6.43727416e-03
   2.86085550e-02 -5.36681488e-02  9.52762086e-03 -3.32400115e-04
  -4.54962719e-03  1.30431652e-02 -2.27696821e-03 -4.71621677e-02
  -1.26209892e-02 -2.52816081e-03  1.80940311e-02 -6.36048103e-03
  -1.61384046e-02  2.27937493e-02 -5.29516339e-02  7.68749276e-03
   3.39442976e-02 -2.58962791e-02 -3.93802710e-02  3.00334319e-02
  -9.65813454e-03 -2.80992617e-03  1.91102382e-02 -2.53825239e-03
   1.76761001e-02 -2.12728251e-02  1.25474893e-02 -1.80624574e-02
  -2.46615242e-02 -5.44176474e-02 -2.00562384e-02 -1.08597113e-03
  -4.56310697e-02  2.21322086e-02 -2.42376942e-02 -2.18252987e-02
  -5.19624120e-03 -2.30732802e-02 -2.13031634e-03  5.86608611e-02
  -2.88336421e-03 -4.12138775e-02  1.05316397e-02 -9.17471424e-02
  -2.36667190e-02  5.28871380e-02  3.31769846e-02 -1.99519796e-03
   1.28308646e-02  5.45829572e-02 -2.32793503e-02 -3.55951651e-03
  -1.36126543e-03 -1.86445452e-02  1.72624476e-02 -5.04374206e-02
   8.73969682e-03  3.01080085e-02 -1.49104213e-02 -2.07867846e-03
   1.71853660e-03 -7.25496281e-03  2.38268822e-02  1.85538121e-02
   6.40714588e-03 -2.75376495e-02 -3.15355435e-02  2.90935356e-02
   1.75189564e-03 -1.41607691e-03 -1.36287534e-04 -3.17710824e-02
   1.19421612e-02 -4.20217356e-03 -4.08453867e-03 -7.51973735e-03
   3.38848680e-02 -4.93200123e-02  4.42804041e-04 -3.44414786e-02
  -2.20652279e-02 -4.17206585e-02 -1.83650926e-02 -2.55143009e-02
  -9.00770444e-03 -2.38478202e-02 -3.68213141e-03  3.13901305e-02
   4.09615077e-02 -4.48839460e-03  1.44052971e-02 -4.78593865e-04
  -3.96289974e-02  2.63508428e-02  7.77353160e-03  3.16649713e-02
   5.03336936e-02  1.29813543e-02  1.13486173e-02 -7.70189567e-03
   1.25456108e-02  8.48069042e-03  3.67510971e-03 -3.27687785e-02
   2.03543399e-02  1.50775807e-02  2.38306746e-02  1.55554712e-02
  -3.82467471e-02  1.77282393e-02 -1.87615640e-02  4.89356229e-03
   2.63694732e-04  5.00986539e-03 -2.18341120e-05 -3.15865725e-02
   1.22649195e-02  5.92669751e-03  6.81897206e-03  5.07761026e-03
  -2.30629835e-02 -4.28180620e-02  4.95315902e-02  1.60641018e-02
   9.27246176e-03 -3.12074497e-02 -1.49491988e-02 -4.60639521e-02
   1.00258109e-03  6.53728247e-02 -1.94539630e-03  1.42550403e-02
  -7.91886169e-03 -2.41950341e-02 -8.93717166e-04 -3.28766815e-02
  -3.71574648e-02 -8.13563541e-03 -4.15469147e-02 -3.02646663e-02
  -3.19488086e-02 -3.93938273e-03 -3.04526743e-03 -1.84314828e-02
   9.70547274e-03  1.24300756e-02  1.31538752e-02  1.48154644e-03
  -4.33730558e-02 -1.84429120e-02  9.39768041e-04  1.83996614e-02
   6.66325446e-04  9.68774501e-03 -9.25704371e-03  7.09622586e-03
   1.35835689e-02  1.91459190e-02 -2.15776134e-02 -3.30676623e-02
  -1.35411639e-02  2.16474049e-02 -1.46213081e-02 -4.54408452e-02
  -5.32240212e-01 -1.89304277e-02 -5.52462786e-03 -8.99778586e-03
  -2.64752284e-03  9.34881624e-03  4.42656912e-02 -1.36203682e-02
  -6.22165389e-02  3.64685096e-02 -3.51435766e-02 -1.89590603e-02
   2.00296962e-03  3.21107730e-02 -1.57021936e-02  1.49287554e-02
   2.64918152e-02  2.09507737e-02  7.84150558e-04  1.80413630e-02
  -2.10772566e-02 -1.19265439e-02  1.32004637e-02  2.15458106e-02
   5.22103952e-03 -2.97730956e-02 -3.28672156e-02 -2.26449128e-02
  -2.92748660e-02  3.92384380e-02  2.97399447e-03  3.59403640e-02
   2.18920261e-02 -3.09822876e-02  3.23699191e-02  1.79555733e-04
  -4.52196272e-03 -1.30162360e-02 -4.12813341e-03 -1.54323243e-02
   4.17038286e-03  5.02483686e-03  1.05348416e-03  2.20076106e-02
  -2.07385160e-02 -1.24647031e-02  1.69080365e-02 -3.83490995e-02
   3.34048970e-03 -2.40879171e-02  6.16472475e-02  2.35737506e-02
   2.87766792e-02 -1.61543190e-02  8.93214904e-03 -6.45344425e-03
  -2.63984185e-02  1.49672898e-02 -2.34077219e-02  2.85859592e-02
  -2.80750245e-02  1.45081310e-02 -1.39757590e-02  4.05454934e-02
   2.28048805e-02 -4.08488736e-02 -2.95261629e-02 -2.93654874e-02
  -1.00836828e-02 -3.17643322e-02  1.45072090e-02  2.30839383e-02
   1.09573640e-02  1.37507999e-02  9.88959149e-03 -4.30341205e-03
   1.46360639e-02 -1.13147153e-02 -1.25916433e-02 -5.05650640e-02
   1.55502446e-02 -3.08028385e-02 -1.59698687e-02 -3.31536233e-02
   2.34542750e-02  1.27732079e-03  2.57331855e-03  3.82659328e-03
   5.23310155e-02  4.75972034e-02  8.54454748e-03 -1.56289227e-02
   2.52580103e-02  4.97614359e-03  2.33839396e-02 -2.33683027e-02
  -3.65336356e-03 -6.58463240e-02  2.06849091e-02  2.14455035e-02
  -2.43687723e-02  2.14900030e-03 -1.63622163e-02  3.79216149e-02
  -2.59206370e-02 -4.05355319e-02 -3.99916060e-02 -9.42133926e-03
  -4.02079783e-02  1.12447317e-03  4.33551753e-03 -1.14996899e-02
   6.35982351e-03  3.07172723e-02  4.90215458e-02 -8.20357446e-03
   2.09591947e-02 -2.16941740e-02 -3.11255082e-02  3.71436588e-02
   2.17816886e-02 -2.13841759e-02 -2.84448192e-02  2.59209014e-02
   4.96748537e-01 -3.20172333e-03  1.48359630e-02  3.74916866e-02
  -2.37990543e-02 -1.72192920e-02  5.28493710e-02 -1.23252477e-02
   5.45410952e-03  1.59390327e-02 -7.18801701e-03  2.65028868e-02
   2.60155508e-03 -1.70777105e-02 -3.16754828e-04  3.28630977e-03
   9.33375675e-03  2.18606424e-02  3.61327641e-03 -3.62434909e-02
  -4.32523340e-02 -1.84705351e-02 -6.63566031e-03  5.05988188e-02
  -3.99497803e-03 -7.57523999e-03 -1.90411247e-02  9.07775667e-03
   3.67111973e-02 -2.15130281e-02  1.77295487e-02  3.49747017e-02
   1.18594558e-03 -3.56666446e-02 -4.82125022e-03 -9.61244386e-03
  -5.56623144e-03 -3.34221162e-02 -4.72864509e-03  3.93116549e-02
   1.41793694e-02 -9.73630324e-03 -5.16434051e-02 -3.80799584e-02
  -2.80265436e-02  1.74141321e-02  1.14583988e-02 -2.40866989e-02
  -6.28700433e-03  1.71270519e-02 -2.89121270e-02 -6.30407454e-03
  -8.73713661e-03  4.59387228e-02  6.74876291e-03 -1.81248039e-02
   3.02659664e-02 -8.51804856e-03 -1.91958100e-02  2.40270793e-02
   1.74750350e-02 -3.68462950e-02 -3.25102508e-02  4.39748242e-02
  -3.95744555e-02  1.80864683e-03  6.02679402e-02 -1.75198133e-03
  -1.23799043e-02  3.80181186e-02 -2.55716275e-02 -1.03531405e-02
   5.85304247e-03  3.39355059e-02 -8.75557400e-03 -1.97730027e-02
   1.92333497e-02  1.74205415e-02  2.06893478e-02  2.27324143e-02
   1.26476064e-02  2.74373628e-02 -2.71473322e-02  1.67572424e-02
  -1.17654810e-02 -4.68119904e-02  3.75675634e-02 -8.66413029e-05
  -2.10990924e-02  9.19119362e-03 -3.46650891e-02  2.24152077e-02
  -3.10151596e-02 -2.54001177e-04  2.36959122e-02 -2.50020213e-02
  -3.05557381e-02 -6.47701905e-04 -3.66153754e-02  4.25058454e-02
  -2.54282728e-02  1.12703340e-02  5.30011691e-02  2.34116018e-02
  -8.18195520e-04 -2.88927089e-03  8.52494128e-03  1.87620949e-02
   6.67235581e-03 -1.54717248e-02  1.93578079e-02 -2.35489826e-03
  -2.84876619e-02 -4.74588983e-02  1.60090216e-02 -6.58038864e-03
  -1.38705438e-02  4.74219024e-02  7.66089046e-03 -1.62818860e-02
   9.97747108e-03 -1.83125511e-02  1.91867561e-03  4.45111562e-03
   8.65560083e-04  2.88634077e-02 -1.66766671e-03  1.20363885e-03
   3.50379720e-02  4.02681865e-02  5.11438260e-03 -2.80610695e-02
  -3.02288239e-03 -3.28337587e-02  1.31562082e-02 -3.91444303e-02
  -2.73722969e-02  6.79356977e-03  1.95779782e-02 -2.56283823e-02
   5.13377599e-03 -2.02651415e-02  1.30361840e-02 -2.41032783e-02
   3.11051309e-03  9.11928248e-03  2.43142131e-03 -5.39661152e-03
   7.29200570e-03  3.50302905e-02  5.71590615e-03 -1.46937352e-02
   9.17579513e-03  3.33340205e-02  2.11490616e-02 -1.56750251e-02
   2.55626775e-02 -4.05697897e-02 -2.78523527e-02 -1.86768116e-03
  -3.43933217e-02 -2.26271655e-02 -1.83636472e-02  3.24030593e-02
  -4.54780795e-02 -4.07276563e-02 -3.50056961e-02 -9.40026250e-03
   5.25897229e-03 -2.78265886e-02  9.61832423e-03  1.46051799e-03
  -5.08455094e-03 -1.04405619e-02  4.04244065e-02  2.22952086e-02
   2.69517582e-02 -2.54013743e-02  7.19227653e-04  2.85299495e-02
  -8.32827948e-03  2.61236969e-02 -1.58376936e-02  5.18078916e-02
  -4.22980748e-02  4.41014860e-03 -3.33386511e-02 -3.50513533e-02
   1.06248138e-02 -1.56469992e-04 -3.88929923e-03 -1.30906859e-02
  -3.49247595e-03  3.02925706e-02 -2.62518059e-02 -1.96819715e-02
  -1.42195374e-02 -9.59471986e-03 -1.26431286e-02 -6.35712370e-02
   3.62910219e-02  4.35331129e-02  5.41360443e-03 -1.88330782e-03
   6.65196851e-02  2.46509388e-02 -6.75975718e-03 -1.36664789e-02
  -2.44519785e-02 -5.46246432e-02 -3.23485173e-02 -3.85045037e-02
  -1.59031097e-02  1.08903972e-02 -5.26033808e-03  3.91358994e-02
  -1.73376817e-02 -1.92967914e-02 -9.68872756e-03  5.35588115e-02
  -1.06884353e-02 -2.01310206e-04  7.31414603e-03  7.35644996e-02
   2.57527950e-04 -2.74327081e-02 -5.57335233e-03 -6.05004048e-03
  -1.68487169e-02  4.79222871e-02 -4.50663120e-02  1.79034621e-02
  -4.29543470e-05 -2.89080874e-03  3.50230709e-02 -2.44762544e-02
   1.71230230e-02  3.11472844e-02  6.34179451e-03 -4.41614687e-02
  -3.21959704e-02 -1.38897141e-02  3.08905076e-02 -2.63466546e-03
   8.99349060e-03  1.22648009e-04  2.09006760e-02  2.63394751e-02
   1.16675897e-02 -2.48493925e-02 -2.85200886e-02 -3.10012568e-02
  -7.96890259e-03 -3.07172500e-02 -7.72485230e-03  1.39524238e-02
  -4.07640412e-02  7.08288373e-03  5.55788204e-02 -5.18672653e-02
   9.67970490e-03  1.74051654e-02  3.86495818e-03 -7.23841116e-02
   2.86740102e-02  1.59113519e-02  1.67743303e-02 -1.84393227e-02
  -1.43228695e-02  9.49671865e-03  5.02354139e-03  9.09856614e-03
   7.85969291e-03 -2.73257843e-03  2.07237853e-03 -3.29534300e-02
  -1.75808780e-02 -1.38219520e-02 -2.24383026e-02  1.12096975e-02
  -1.37074366e-02 -8.54660384e-03 -1.98641270e-02  2.35842168e-02
   3.30518745e-02  1.46280704e-02  1.77238267e-02  2.12759078e-02
  -4.43969928e-02  2.90145725e-02  2.08507180e-02 -1.69662549e-03
  -3.11052315e-02 -2.22618263e-02 -6.30325498e-03  1.51033793e-02
  -2.76251324e-02 -3.26957665e-02 -3.08709815e-02  1.98181178e-02
   1.34444609e-02 -1.85827557e-02  1.88325085e-02  3.13677043e-02
  -1.65882353e-02  2.12201700e-02  5.83207607e-03 -7.36450637e-03
  -3.13245202e-03 -3.68514061e-02  4.04162183e-02 -2.62004696e-02
  -5.64578036e-03 -4.52630334e-02 -1.47061916e-02 -3.42039093e-02
   1.20814797e-03  1.10897915e-02  5.92721719e-03 -2.19080802e-02
   2.76308018e-03  1.17286388e-02  2.75451876e-02  8.17365199e-03
  -8.90911929e-03  2.99999360e-02  2.88931448e-02  1.05335135e-02]]