[[ 2.73811519e-02 -2.20401194e-02 -3.77219543e-02  2.42534522e-02
  -4.08853783e-04 -3.41739552e-03  8.28989595e-03  2.29521990e-02
  -1.60397701e-02 -5.99113628e-02 -1.73057411e-02  7.14317244e-03
  -2.86442619e-02  5.88856712e-02 -8.32187906e-02  1.51204467e-02
   2.07989682e-02  5.24830772e-03  4.95456392e-03  1.06046833e-02
  -2.90936269e-02 -4.58882190e-04  3.34260939e-03  3.22143510e-02
   1.48176933e-02  9.82969999e-04  1.14412718e-02  1.00247748e-02
   2.40455251e-02  6.77156635e-03  6.42423192e-03  7.12787500e-04
   5.04797092e-03  9.53027420e-03 -1.77338645e-02  3.50029692e-02
   4.72347923e-02 -1.79283116e-02 -3.04757301e-02  4.17248607e-02
   1.14829408e-03 -4.20069993e-02  3.51428874e-02  1.67364664e-02
   8.87694582e-03 -1.02604497e-02  3.73695157e-02  3.86239849e-02
   1.46314818e-02 -3.44589651e-02 -4.96314466e-03 -1.81174986e-02
   5.15046902e-02 -3.45417410e-02  3.85145172e-02  2.57211700e-02
   4.60620318e-03 -6.76717935e-03  2.84821335e-02 -6.34760335e-02
  -4.13052738e-03 -2.76929559e-03  1.07674440e-02 -3.44252475e-02
   1.03081728e-03 -8.85862671e-03  1.29487477e-02  3.87923121e-02
   3.91115248e-02 -2.61706635e-02  7.57023692e-04 -1.61707159e-02
  -2.49304227e-03  2.65238453e-02  4.60948348e-02 -4.28583380e-03
   1.22902291e-02 -1.19520742e-02 -7.43087474e-03  2.51009502e-02
   1.46522671e-02 -7.21541839e-03  6.17823843e-03 -1.08426949e-02
   3.27653848e-02 -2.53182463e-02 -2.04535052e-02  3.27593721e-02
   6.06909115e-03  3.57994065e-02 -1.57150161e-02  2.04531439e-02
   1.80052407e-02 -2.45903283e-02  5.70550561e-02  3.55268419e-02
   3.55543979e-02  3.48448753e-02  2.45671980e-02 -4.29580268e-03
   2.35943552e-02  2.03106012e-02  1.06309662e-02 -2.44637188e-02
   1.12427650e-02  1.31640900e-02 -2.18358636e-02 -8.95637553e-03
   3.14814858e-02  9.34614916e-04  3.44840176e-02  2.21210383e-02
  -1.00404052e-02  4.41761054e-02 -6.41785488e-02 -8.46275827e-04
  -5.02947569e-02 -1.96271446e-02  1.34795653e-02 -2.07219385e-02
   3.52944657e-02 -2.17050500e-02  2.97235642e-02  4.04396616e-02
   2.27956865e-02 -2.36491114e-03  2.71096434e-02  5.06949872e-02
   2.56123487e-02  1.22154253e-02  6.36362331e-03 -4.07495834e-02
   1.80753553e-03 -8.26703571e-03  3.53987291e-02 -9.84064192e-02
   3.70687619e-02  1.27924625e-02 -2.35271677e-02  4.06158194e-02
   2.76569799e-02 -1.96857285e-02 -5.73827699e-02  2.83596129e-03
   3.04597374e-02 -1.05602909e-02  2.35848445e-02 -3.08375731e-02
   1.49092879e-02  2.18495522e-02  6.58131391e-03  2.86103208e-02
   2.24907640e-02  1.66693218e-02 -1.25886118e-02 -4.53915959e-03
   4.09035012e-02  3.63529883e-02  1.83959436e-02  3.58798020e-02
   6.30668784e-03 -2.53796931e-02 -2.80993734e-03  2.64322106e-02
   5.87774813e-02  3.15483585e-02  1.77908223e-02 -2.35051233e-02
   3.96210179e-02 -1.66301578e-02 -2.97509097e-02 -5.11982536e-04
  -3.53192762e-02 -1.69333387e-02 -9.89549514e-03 -1.06896823e-02
  -3.53255607e-02 -3.81965078e-02  3.05095855e-02  1.83039475e-02
   1.12560719e-01  2.47705374e-02  2.46576723e-02 -4.50271677e-04
   6.50869012e-02 -1.71057582e-02 -7.94451777e-03  3.27365510e-02
  -1.70887038e-02  2.21434776e-02 -1.40568633e-02  8.20607133e-03
  -1.20467702e-02  2.73102336e-02  2.38597039e-02  2.65886560e-02
  -2.08334328e-04  2.90751010e-02  4.44457270e-02 -2.48975419e-02
   1.17641641e-02 -7.52713904e-02  4.09672409e-02 -1.43997995e-02
   7.81933367e-02 -1.12922825e-02 -8.79937969e-03 -7.57559240e-02
  -6.83550350e-03 -5.93460798e-02  2.86413673e-02  1.45663731e-02
  -2.35429090e-02 -6.53615743e-02  1.44485710e-02  2.69833077e-02
   5.95079502e-03  4.48964499e-02  5.94941191e-02 -1.33848581e-02
   7.40627991e-04 -5.77704748e-03  3.96022834e-02 -4.84111384e-02
  -8.58019199e-03 -1.24247940e-02 -2.08293647e-02 -3.28416303e-02
   5.84512763e-02 -2.35841256e-02  4.15552966e-02 -9.74575430e-03
   3.14222276e-02  3.31011713e-02  2.26753447e-02  1.15512265e-02
  -3.28664482e-02  1.70424189e-02  9.05235112e-02  2.30461881e-02
   1.94139164e-02 -4.32769470e-02  1.28278714e-02  1.97047703e-02
  -8.64080153e-03  1.23284217e-02 -4.79741506e-02  4.62100953e-02
   4.59353067e-02 -1.02314353e-02 -1.60507411e-02 -1.75660721e-03
  -2.81439465e-03 -6.70934692e-02 -1.21090328e-02 -1.74992706e-03
   1.40935285e-02  1.77458692e-02  1.34506999e-02  3.22625339e-02
   1.36439316e-02  1.64325954e-03 -2.47387402e-02 -4.09651920e-03
   6.47723209e-03  6.81392569e-03 -1.75028481e-02 -4.42649648e-02
  -3.56972069e-02 -2.04603374e-02  1.11905551e-02 -4.25206013e-02
  -2.28476748e-02 -1.93680562e-02 -1.36965765e-02 -8.87862686e-03
   1.68969724e-02 -1.57238655e-02 -9.96354222e-03 -4.50509787e-02
   8.76363926e-03 -1.52957076e-02 -1.43401502e-02  6.97990553e-03
   2.09146775e-02  2.29613353e-02 -1.96559858e-02  4.76855375e-02
   7.54143372e-02  2.43985206e-02  6.34071557e-03  1.35387182e-02
  -2.57386509e-02 -5.08472696e-02 -4.52440977e-02 -1.85108390e-02
  -1.59952473e-02  2.62388494e-02 -4.89407266e-03 -1.19772218e-02
  -2.31549563e-03 -2.28082910e-02 -4.37544398e-02 -5.63785173e-02
   8.40873551e-03 -9.92281586e-02  4.42521973e-03  1.13548459e-02
   1.26712639e-02 -2.21043080e-02 -6.51235282e-02 -6.49028569e-02
  -8.78137201e-02 -2.36107651e-02  4.39701229e-02  5.21919020e-02
  -3.43788564e-01  1.03875380e-02 -2.62999795e-02 -6.03236407e-02
   7.51906680e-03 -5.28937317e-02 -3.20793968e-03 -1.21368133e-02
  -5.94630204e-02  4.51221503e-02 -4.07412536e-02 -5.78737771e-03
   3.41055579e-02  1.00946696e-02  2.50589810e-02 -4.18044580e-03
   1.36931064e-02 -1.16769085e-02 -1.55363847e-02  2.14575343e-02
   1.22581311e-02 -6.33811578e-03 -3.38161923e-02 -2.83099525e-02
  -3.11933327e-02 -6.07642643e-02 -3.89211718e-03  1.14482883e-02
   5.52200060e-03  1.69066098e-02 -8.05264805e-03 -5.40453792e-02
  -3.17214020e-02  2.14619283e-02  1.61050018e-02  2.88697034e-02
   5.04751764e-02 -1.55986343e-02 -1.18887052e-02  2.24948232e-03
  -9.96701233e-03 -2.91106440e-02 -4.28509116e-02 -3.39042880e-02
  -5.70941716e-04 -1.42426714e-02 -1.62672773e-02  3.21127325e-02
  -2.55419146e-02  2.86823828e-02  4.58840765e-02 -2.58000176e-02
   2.16334760e-02 -3.71577442e-02  6.76542893e-02  1.06936675e-02
   2.63259117e-03  3.89994564e-03 -1.20430924e-02 -2.58123912e-02
   1.65425744e-02  2.96579339e-02 -5.59962168e-03 -2.96981391e-02
   4.21173722e-02 -4.08845209e-02 -3.30413915e-02  1.65331992e-03
  -3.49465408e-03 -1.72408987e-02 -1.03308335e-02 -2.79936809e-02
  -3.79082896e-02  3.24687711e-03  2.82812025e-02 -2.42217723e-02
  -3.75261530e-02  3.36168008e-03  2.75608301e-02  1.66051574e-02
  -1.68680009e-02  6.03350326e-02  2.09047664e-02 -8.36125924e-04
  -2.71739680e-02  1.04250414e-02  3.37735680e-03  7.82774761e-03
  -2.60872860e-02  9.48034134e-03  2.67736018e-02 -2.48908508e-03
  -2.52864733e-02  6.32279292e-02 -5.48494495e-02 -2.85637304e-02
  -8.61937366e-03 -3.67699331e-03 -3.45858559e-02  1.83799714e-02
  -3.60718439e-03  3.06441374e-02 -3.37865911e-02  3.47003229e-02
  -1.93308443e-02  2.77716629e-02 -2.91581452e-02  2.33559348e-02
  -1.83385499e-02  1.03275152e-02 -3.73816043e-02 -3.67335021e-03
   3.48472707e-02  2.91930400e-02 -1.43147390e-02  1.26207136e-02
  -3.33551094e-02 -3.42686772e-02  4.75664670e-03  1.11377992e-01
  -1.03414971e-02 -1.93621386e-02 -1.50370318e-02  8.25033896e-03
   3.38392287e-01  7.57983932e-03 -1.27134938e-02 -3.96169431e-04
  -7.14075891e-03 -2.65998021e-02 -4.40324545e-02 -4.12742049e-02
  -2.23014671e-02 -2.08160691e-02  1.44194784e-02 -4.96244729e-02
   3.46901752e-02  1.51388990e-02 -1.71916578e-02  1.99571121e-02
   3.67756113e-02  4.47236151e-02 -2.34546270e-02  6.82839984e-03
   8.21549818e-03  5.47814481e-02  2.24115048e-02 -1.87694412e-02
  -3.25997472e-02  4.28235084e-02  2.31044996e-03  3.94305512e-02
  -3.12844925e-02 -3.48356925e-02 -2.34580170e-02  4.85366769e-03
  -6.55706674e-02 -2.38892157e-02 -3.28600891e-02 -3.45777832e-02
  -2.90934667e-02  1.07372468e-02 -2.86384933e-02  2.96517685e-02
  -2.18294859e-02  5.43324929e-03  4.24614269e-03 -2.37580799e-02
  -3.80628631e-02  8.08878765e-02  2.21000431e-04 -2.13986114e-02
   1.19761107e-02  1.76690891e-02 -1.53244156e-02  6.20417632e-02
  -1.42518161e-02  4.81281653e-02  1.43091185e-02 -3.02597061e-02
  -1.17447181e-02 -1.53494542e-02 -5.20907622e-03  1.38762565e-02
  -3.32491584e-02 -1.56135978e-02 -2.08054911e-02  3.94739360e-02
  -7.79031292e-02  5.15387952e-03 -6.38112053e-02  2.09522285e-02
   4.13430445e-02 -4.83691692e-03 -1.12253278e-02  6.59544347e-03
  -3.69639210e-02 -7.23011140e-03  6.10710084e-02  1.69528220e-02
   4.84982543e-02 -4.23041806e-02 -1.60885267e-02  8.71238182e-04
   1.28179640e-02 -3.14137824e-02 -1.08095407e-02  3.28500308e-02
  -8.59773159e-03 -1.65372584e-02  9.00032697e-04 -7.80456364e-02
  -1.17638130e-02  3.54741490e-03  2.32837331e-02  2.78717801e-02
   3.04570813e-02  4.91650356e-03  5.02212979e-02 -1.13166329e-02
  -4.81771082e-02  3.06024831e-02 -1.05109308e-02 -3.18418704e-02
  -1.00912275e-02  2.82277428e-02 -2.18668673e-02 -3.37945414e-03
  -3.14954109e-03 -3.17833759e-02  1.58921164e-02 -1.38172954e-02
  -6.37005717e-02 -2.27079988e-02 -3.57532245e-03 -4.11801003e-02
   5.90146743e-02 -2.67279502e-02  5.18125156e-03  2.18058601e-02
  -6.10070750e-02 -5.34937233e-02  5.83503358e-02 -1.50335040e-02
  -2.14747805e-02  2.70001106e-02 -4.67003398e-02  4.79274255e-04
  -3.50189172e-02 -3.98196131e-02 -2.73860302e-02  1.06628751e-02
   1.77706499e-02 -7.29915500e-03  6.29797727e-02 -2.62524132e-02
  -8.03264976e-03  8.35688319e-03  2.06044484e-02 -4.57041115e-02
  -2.75043771e-03  3.51580465e-03 -3.65221337e-03 -4.42489870e-02
   3.73287015e-02 -5.20054959e-02  2.09364705e-02  7.96450209e-03
   5.99542167e-03 -2.28871610e-02 -8.40759091e-03  2.50416044e-02
   6.40770942e-02 -3.58270481e-03 -1.48818120e-02 -5.63786319e-03
   4.74989675e-02 -1.89242214e-02 -4.13719827e-04 -8.19366612e-03
   1.51700834e-02  1.72405075e-02  2.04958506e-02  3.25971320e-02
  -5.04301228e-02 -6.49210298e-03  1.33102639e-02 -1.09959571e-02
   1.12606995e-02 -9.39125940e-02  1.99926328e-02 -9.06492677e-03
  -2.74890196e-02  1.01584913e-02  1.20019633e-02 -1.02017885e-02
  -3.41211329e-03 -2.97169741e-02 -2.64013726e-02  4.63534221e-02
   5.20818820e-03 -1.36373751e-02 -1.43894032e-02 -3.23202051e-02
   1.61476955e-02  8.54716357e-03 -1.92091167e-02  4.75644805e-02
  -1.33363456e-02  6.86454354e-03  3.60758677e-02 -5.54638915e-03
  -2.04480123e-02 -1.11939879e-02  5.98011427e-02 -1.26226833e-02
  -2.50996277e-02  3.69609566e-03  7.97462184e-03  1.32947005e-02
  -1.21468389e-02 -5.38275726e-02  3.59625332e-02 -6.63939714e-02
  -2.27562487e-02 -2.41958518e-02 -1.86326203e-03  4.25616466e-03
   3.26375151e-03 -2.17048265e-02 -2.63563283e-02 -1.76534913e-02
  -3.90771916e-03 -7.75574222e-02 -5.00368839e-03 -4.83302325e-02
  -9.60665196e-03 -3.75886261e-02 -9.30801872e-03 -3.61437425e-02
   1.35246327e-03 -8.84093251e-03 -5.26073873e-02  3.75287384e-02
  -7.22929388e-02 -2.97497604e-02 -2.50544585e-02 -9.30183008e-02
  -4.35770005e-02 -1.83557328e-02  3.30605246e-02  8.18518642e-03
  -3.45125347e-02  3.90797779e-02 -3.75721753e-02  2.57125646e-02
   1.22454832e-03 -7.12880269e-02  3.50212157e-02  2.59019770e-02
  -2.72070803e-02 -6.06520139e-02 -1.02078961e-02  6.04049163e-03
  -5.24748815e-03 -3.16106230e-02 -3.56081477e-03  6.76989183e-03
   4.23075296e-02  3.99232320e-02 -1.45677384e-02  5.13717644e-02
   1.00615704e-02  4.11765240e-02  2.80895587e-02 -2.16744710e-02
   3.73598486e-02 -5.75185195e-02  1.21643282e-02  2.24978309e-02
   2.25369562e-03 -1.89655926e-02  1.25951339e-02 -3.00131235e-02
  -3.47141102e-02 -5.40839843e-02  3.08460984e-02 -6.21109530e-02
   1.75041780e-02 -1.67419314e-02 -1.45735138e-03 -2.78615560e-02
   9.32715461e-02 -7.12834019e-03  9.38578043e-03  6.11350909e-02
  -1.84974505e-03 -1.37453265e-02 -6.70950348e-03  3.73599981e-03
   2.44151726e-02 -1.29457293e-02 -3.58918309e-02 -5.29590854e-03
  -2.43418850e-02  3.83279808e-02 -1.00682555e-02 -9.12453011e-02
   6.75280243e-02  8.22877046e-03 -4.71800147e-03 -1.56345572e-02
  -5.76178059e-02  6.57171709e-03 -4.13651951e-02  4.38679330e-04
  -5.01746358e-03  1.61792396e-03 -2.44584354e-03 -4.13912199e-02
  -1.21166781e-02 -3.13080437e-02 -1.42489653e-02  5.23558110e-02
  -2.37535704e-02  6.84623867e-02  2.59546228e-02  3.19435936e-03
   2.43691783e-02  2.38997974e-02  2.78821867e-02 -3.70862447e-02
  -6.52522687e-03 -4.29878198e-03  1.45077705e-02 -3.23239006e-02
   1.60030667e-02  3.08440570e-02  1.58839468e-02 -4.30750921e-02
   8.39199200e-02 -5.21097984e-03  9.44894087e-03 -2.59948876e-02
  -6.60520867e-02  1.05661172e-02 -2.67954599e-02  1.38137219e-02
   7.23258406e-02 -4.12740782e-02  1.34360222e-02  6.58584088e-02]]