[[ 1.52052213e-02 -2.40220707e-02  2.78951935e-02 -3.85058187e-02
   4.77817981e-03 -5.78963337e-03  1.75921135e-02  1.33859394e-02
   1.38841774e-02 -4.62174900e-02 -1.03140995e-02  7.77319889e-04
   6.96207769e-03  3.37121487e-02 -1.59306955e-02  5.45533281e-03
   3.92740294e-02  1.80613296e-03 -2.37737112e-02 -1.70257520e-02
   1.14312433e-02  7.49476533e-03  5.81878098e-03 -1.43805435e-02
  -6.74766488e-03 -1.18536549e-02  3.70801501e-02  1.11777652e-02
   2.41179690e-02  2.62553543e-02 -6.67670742e-03  6.77185180e-03
   7.67285889e-03  1.67053286e-02  2.64333133e-02  1.64186545e-02
   1.79142188e-02 -2.31039454e-03  2.59009767e-02 -2.86791008e-02
   2.28706133e-02 -1.75668951e-02  2.09116098e-02 -1.19082518e-02
  -1.95375513e-02 -1.30554708e-02 -1.01294275e-02 -5.90854418e-03
  -1.24167204e-02 -1.80880632e-02  9.71147418e-03 -3.27753127e-02
   5.75226266e-03  2.43915077e-02 -5.74641395e-04  6.75594155e-03
   1.08144125e-02  2.33165156e-02  7.10836565e-03 -3.00255027e-02
  -1.01884352e-02  2.31751762e-02 -2.53243484e-02  2.42043156e-02
  -9.73202474e-03  3.49279344e-02  3.27929966e-02  5.23691112e-03
   4.65909578e-02 -8.41001701e-03  2.76196166e-03  6.27418905e-02
   3.34235001e-03  2.27964967e-02 -1.74976548e-03 -1.59848097e-03
  -2.44993903e-02 -1.35470391e-03  1.57646444e-02 -4.34014238e-02
  -7.05512986e-03  8.20881454e-04 -4.11955640e-03 -1.24924732e-02
   2.48240232e-02  1.74130891e-02  1.16706388e-02  6.72657741e-03
  -3.52800079e-02  3.90602164e-02 -1.35531016e-02  3.26018557e-02
  -1.45775930e-03  6.48814999e-03 -6.22533541e-03  1.17488559e-02
   3.05919256e-03  3.88602439e-06  4.69902493e-02 -3.26504558e-02
   6.58613676e-03 -2.70193461e-02 -1.18092783e-02 -1.60079580e-02
   1.09979445e-02  1.93044338e-02  1.18805496e-02 -2.26186737e-02
  -5.67220326e-04 -1.40870234e-03 -1.27493907e-02  3.32713611e-02
   1.13488268e-02  9.54246148e-03 -8.55572987e-03  1.93601884e-02
  -8.82110093e-03 -2.08600778e-02 -7.51608692e-04 -1.22597907e-02
   1.27519164e-02 -2.81373151e-02 -5.93341235e-03 -7.81059079e-03
   1.33468267e-02  1.25382328e-02  3.18200104e-02  4.32767067e-03
  -2.99528847e-03 -7.93580711e-03  7.00637512e-03 -3.20605114e-02
  -1.67820323e-02 -4.25199382e-02  2.99712829e-02  4.98425448e-03
   1.03128236e-02  6.10644408e-02 -2.75463443e-02  3.25923450e-02
   2.02271994e-03 -1.26726702e-02 -2.83239018e-02 -4.95810248e-03
  -1.28407858e-03  1.26261832e-02  3.60960662e-02  1.38869416e-02
  -6.07528724e-02  8.45828094e-03 -1.14634559e-02 -2.50494201e-03
   2.10928507e-02  2.83825099e-02  2.83171423e-02  1.53620057e-02
   1.44990692e-02  2.45245527e-02 -2.31224671e-02  2.20863540e-02
  -1.01250708e-02  2.20339037e-02  7.14629982e-03 -2.18989654e-03
   4.55881527e-04 -9.60498396e-03  9.13538691e-03 -1.84017792e-02
   2.28341669e-03 -9.13402811e-03  4.03289776e-03 -3.66314240e-02
   1.35065485e-02 -1.84887145e-02  2.02092845e-02 -2.70795431e-02
   1.49763096e-02 -7.64742792e-02  3.80444974e-02 -1.21876309e-02
   1.17581999e-02  8.19784403e-03 -2.24350709e-02 -9.56544653e-03
   6.16674311e-03 -8.11289903e-03  2.00825883e-03  7.56164873e-03
   2.35309489e-02 -1.98366884e-02 -2.18066704e-02  1.99627783e-02
   2.68779229e-02  3.09789758e-02  2.24056728e-02 -7.08632916e-02
  -1.02113364e-02  2.79871169e-02 -1.15821427e-02  1.60959102e-02
   1.09595321e-02 -9.99009050e-03  1.82972439e-02 -9.41654015e-03
   7.82610010e-03 -2.45716702e-02  1.26462178e-02  2.73926556e-02
   3.58673967e-02  7.68081704e-03 -3.93277965e-03 -2.79408097e-02
   6.96267525e-04  1.27743613e-02  1.17267314e-02  3.65993753e-02
   4.85084020e-03  2.16195956e-02  2.22810395e-02  2.49188375e-02
   1.47797298e-02  2.29032664e-03 -7.30293430e-03 -3.86212692e-02
   2.89859553e-03 -8.61860346e-03  2.09300611e-02  3.04476917e-02
  -5.19521860e-03 -2.32397672e-03 -3.56487092e-03 -1.53598515e-02
  -3.27078067e-03  2.29730885e-02  1.68520156e-02  3.38468421e-03
  -1.22342100e-02  2.50784159e-02  6.55333046e-03  1.31755797e-02
  -4.95752960e-04 -9.27968696e-03  8.27371795e-03  2.50957301e-03
   1.20031014e-02  5.93798906e-02  1.20429350e-02 -2.45867320e-03
  -1.03045776e-02  2.87517272e-02 -9.79782431e-04  2.68558064e-03
   2.95830611e-02 -8.20667483e-03  4.10615234e-03  2.52455939e-03
   2.66467296e-02  2.32088156e-02  2.36734953e-02  6.10727295e-02
  -1.88667551e-02 -3.46588483e-03 -2.15448085e-02  3.41531746e-02
  -1.28428936e-02  3.83503735e-03 -7.29355682e-03 -1.72864553e-02
  -1.38142603e-02  1.17997946e-02 -5.37768472e-03  1.42503073e-02
   4.11462551e-03  1.20528527e-02 -2.66660489e-02 -3.89245003e-02
  -5.60126547e-03  1.41983228e-02  1.80966966e-02 -9.95496195e-03
  -1.32451605e-04 -2.67499872e-02 -2.10601129e-02  1.38862273e-02
   1.30379358e-02  6.84176618e-03  2.04189382e-02 -2.10370403e-02
  -2.73791421e-02 -1.63666327e-02 -2.34499648e-02 -1.01983510e-02
  -2.00980362e-02 -1.77906863e-02 -9.95337497e-03  1.23785622e-02
  -2.12542508e-02  4.91566807e-02  1.94361862e-02 -1.59257650e-02
  -3.28841545e-02 -6.19108789e-03 -1.29057607e-02 -2.21491754e-02
   4.21730615e-03 -1.52574284e-02 -4.61653434e-02  2.07236912e-02
   1.13735385e-02 -9.12588183e-03 -3.27119604e-02 -1.70752462e-02
  -6.10783650e-03 -3.07556260e-02  5.44782989e-02  1.66949034e-02
  -5.60852349e-01  1.03809293e-02 -9.31874849e-03  1.56808307e-03
  -2.85995174e-02 -1.81189943e-02 -4.23144829e-03 -1.50627615e-02
  -1.98640209e-02  2.02071927e-02 -6.20718412e-02 -1.72931980e-02
  -2.25717027e-04 -1.22292805e-02 -2.56357770e-02  2.69750855e-03
  -5.46684023e-03 -1.80651937e-02  2.38285512e-02 -4.91803838e-03
   3.17513607e-02 -1.23556647e-02 -1.97663382e-02 -2.91503984e-02
  -1.94728991e-03 -4.73418413e-03 -1.97228789e-03  2.56076083e-02
   1.13268290e-02 -3.74813937e-02  7.26784626e-03 -2.10076366e-02
   1.14047742e-02  7.18769152e-03  1.54554658e-02 -3.15174949e-03
  -1.83525775e-02  1.59441624e-02  2.63398774e-02 -8.99869110e-03
   4.44274209e-02 -4.33398783e-02 -1.77018698e-02 -3.40986699e-02
   2.19777375e-02  1.11137265e-02 -5.44123445e-03  1.49954129e-02
   5.66043667e-02  4.19874676e-02  3.54478024e-02  1.36268921e-02
   2.37412117e-02 -1.88105414e-03 -3.08261160e-03 -1.83911789e-02
  -1.30941896e-02 -1.56154884e-02 -1.23685868e-02  4.68290690e-03
  -8.85995163e-04  1.34856822e-02  5.38669676e-02 -5.61165716e-03
   2.22822372e-02 -4.65642214e-02 -1.34607134e-02 -3.59364413e-03
   6.35655085e-03 -4.49292250e-02  1.30090564e-02 -2.09302944e-03
  -3.14865401e-03 -2.44514327e-02 -4.54389956e-03 -9.78785381e-03
  -2.75505781e-02  3.42313126e-02 -6.55121217e-03  1.65125784e-02
  -1.21515943e-02  3.19100404e-03 -6.33789413e-03  3.51495445e-02
   7.02115661e-03 -1.85527501e-03 -1.71281919e-02 -3.30338813e-02
   6.60785809e-02  1.21772522e-02  1.51710715e-02  2.16343044e-03
   1.09365704e-02  2.50192899e-02  5.10982908e-02  1.59771903e-03
  -2.33637970e-02 -4.84348387e-02  6.77824579e-03  9.65498947e-03
  -1.19900256e-02 -2.79926490e-02 -4.98497579e-03  2.93079540e-02
  -2.38773674e-02  2.99133435e-02 -1.34426926e-03 -5.67125296e-03
  -8.64201225e-03 -1.43449735e-02 -2.33135605e-03  1.13923568e-02
   2.23997310e-02  1.09881107e-02 -3.58640365e-02  3.48261856e-02
   3.67544405e-02 -4.90574315e-02  4.06345613e-02  6.36393055e-02
  -8.50848947e-03 -7.13972701e-03 -3.51482979e-03  1.00575089e-02
   5.39841413e-01  2.96858395e-03  2.74565108e-02  1.67838242e-02
  -1.26508847e-02  1.63316308e-03  4.58820723e-02 -7.13944202e-03
   1.09782070e-02 -1.59942005e-02 -5.24891838e-02 -5.31447828e-02
   4.83524576e-02 -1.70766236e-03  1.17825884e-02  3.70946191e-02
   1.28266504e-02  1.58321429e-02 -1.94200724e-02  6.44077547e-03
  -1.42839374e-02 -2.98265722e-02 -1.48117319e-02  2.50474643e-02
  -1.26877576e-02 -3.63202672e-03  1.05687482e-02  2.00546235e-02
   1.33634536e-02  3.46668623e-02  5.50740398e-03  6.46253023e-03
  -3.33021767e-02 -1.69491246e-02 -2.49310639e-02 -6.75146095e-03
  -2.24198792e-02  4.29660315e-03 -2.33810935e-02  2.87930435e-03
  -3.13814655e-02  1.22456187e-02 -2.47498322e-02 -6.53125867e-02
   9.29997023e-03  2.19506044e-02  1.51940566e-02 -3.71596962e-02
  -5.76143153e-03  1.75044872e-02  9.08391364e-03 -1.12924632e-02
  -5.17913699e-02  2.11056396e-02  4.51472215e-03  2.94419602e-02
  -1.65814850e-02 -1.76895149e-02  3.34131136e-03  6.46439986e-03
  -9.22438316e-03 -4.74575944e-02  2.59687449e-03  1.28129683e-02
  -2.68903412e-02 -8.89525656e-03  1.35872951e-02 -2.46158196e-03
  -3.82921845e-02  2.84633730e-02 -3.41012096e-03 -3.91970538e-02
   2.18672734e-02 -1.57810636e-02 -2.15318594e-02 -6.29938906e-03
   2.09481642e-02  1.00595038e-02  1.10125849e-02 -1.42361782e-02
   1.68930162e-02  2.01508123e-02  1.20795444e-02 -2.18675584e-02
   7.93807488e-03  1.01292890e-03  8.77413992e-03  2.09469441e-02
  -1.28322423e-01 -1.60222836e-02 -3.33504118e-02 -2.03276128e-02
  -1.40547846e-02 -1.39922714e-02  2.27659978e-02  4.79121646e-03
   1.08855627e-02  1.35185542e-02 -2.71756556e-02  8.34073965e-03
   1.49774132e-02  1.73215196e-02 -5.38950181e-03 -1.66239892e-03
  -1.37318915e-03  2.40943134e-02  9.98906139e-03  1.62716582e-03
  -1.57753825e-02  1.78523641e-02  1.78252254e-02  2.51683057e-03
   1.72678865e-02 -9.77140665e-03 -1.66371260e-02  1.43747013e-02
   7.93492328e-03  1.86489988e-02 -1.50487078e-02 -1.06332703e-02
   2.39883587e-02  1.75412148e-02 -4.27891538e-02  8.20015743e-03
   1.13822212e-02  2.19158065e-02 -6.19549025e-03 -1.12134241e-03
   9.99538042e-03  4.35671248e-02  2.69219782e-02  9.13703814e-03
  -3.73091246e-03  6.56339014e-03 -1.59685046e-03 -4.79355231e-02
   4.23647650e-03 -1.62500539e-03 -1.54472771e-03 -3.93606685e-02
   6.21574651e-03  1.74768772e-02 -3.94708663e-02  1.04162674e-02
  -2.93269567e-02 -2.23969650e-02  2.09515225e-02 -2.20176391e-02
  -1.22525571e-02 -2.67493408e-02  1.86837241e-02  3.70170698e-02
  -9.84622445e-03  2.96932701e-02  1.82669063e-03 -2.16913014e-03
   1.84731651e-02 -6.00739475e-03  1.35389352e-02  4.10876004e-03
  -7.70901749e-03  1.70373619e-02  1.28905848e-02  2.57620011e-02
   1.50438277e-02 -9.46374983e-03 -2.36168243e-02  1.77247003e-02
  -4.56765620e-03 -9.99298226e-03 -7.57778948e-03 -4.90507223e-02
  -2.17550024e-02 -6.59388304e-03 -1.62082054e-02 -5.51702129e-03
   2.46235561e-02 -4.35774177e-02 -9.28378012e-03  1.33346859e-02
   1.25763696e-02  4.82283486e-03 -1.17070703e-02  2.28039268e-03
  -2.93050855e-02  1.70755666e-02  2.43227351e-02 -3.72392610e-02
  -4.98479092e-03 -8.26080330e-03 -1.70838255e-02  3.85145321e-02
  -2.63667721e-02 -5.86705282e-03  1.83525588e-02  6.37491373e-03
   1.19775515e-02 -1.32056847e-02 -2.14077700e-02 -2.97314720e-03
   4.60245321e-03  1.07447524e-03 -5.66012692e-03 -1.12412060e-02
   4.89500239e-02 -1.89517101e-03  2.57381834e-02 -8.04755930e-03
   2.30330527e-02 -1.67981405e-02  1.54445013e-02 -1.65876877e-02
   2.92723402e-02 -1.98759139e-02  3.95431630e-02  4.86134328e-02
   1.90922003e-02  5.97578753e-03  1.41572291e-02  1.07696448e-02
  -2.05414323e-03 -4.94071096e-03 -6.98233536e-03  2.28130519e-02
   1.90334488e-02 -3.76022980e-02  9.48124006e-03 -1.42962709e-02
  -3.14900768e-03  3.48156504e-02 -1.47001408e-02  1.58579685e-02
   2.19932129e-03  2.44644973e-02 -1.58557054e-02 -8.35760497e-03
   3.83489579e-02 -1.75652336e-02 -2.72661652e-02 -3.02647287e-03
  -2.94481460e-02  2.16221344e-02 -3.90585102e-02 -2.63284892e-02
  -1.56508610e-02  1.03351204e-02 -1.80582050e-02 -1.76204741e-02
   2.10527424e-02 -1.18654585e-02  1.44268377e-02  1.90785844e-02
  -2.80882139e-03  8.11959791e-04  4.82335500e-03  1.03771780e-02
  -3.97263234e-03  2.52053291e-02  5.29082445e-03  3.01398011e-03
   5.73424529e-03  1.75581418e-03  8.11385177e-03 -6.67760819e-02
   4.93356260e-03  3.41992117e-02  1.51795652e-02 -7.54949055e-04
  -3.56782293e-05 -5.16586602e-02 -1.65741164e-02  3.90665513e-03
  -2.35793069e-02  3.59760709e-02  2.98550222e-02 -1.17606306e-02
   9.56907775e-03  1.14986375e-02 -7.31557421e-03  1.64799429e-02
  -1.06911212e-02  2.99243373e-03  2.83488743e-02 -3.84960100e-02
   6.88779801e-02  3.77865583e-02  8.77015176e-04  3.37803289e-02
  -4.32704650e-02  1.91709865e-02  1.21752638e-02  4.37332578e-02
  -1.35157444e-03  5.32111386e-03 -4.56854561e-03 -2.87347031e-03
  -1.21236052e-02  3.20458994e-03 -4.22420795e-04 -2.15757675e-02
   4.61608879e-02  2.72466112e-02  1.33246817e-02  2.93168090e-02
  -4.78054397e-03  3.22372392e-02  1.14082815e-02 -2.91044451e-02
  -1.39111476e-02 -4.83603366e-02 -2.40172613e-02 -2.09947000e-03
   1.89980352e-03  3.42586562e-02 -9.33732558e-03 -2.76958346e-02
  -3.87541950e-03 -1.03764888e-02 -4.33799922e-02 -2.10381467e-02
  -1.51413428e-02 -4.20509763e-02  1.69053972e-02  6.10840470e-02
   1.23581896e-02 -3.24178115e-02 -5.15563134e-03  1.51204532e-02]]