[ 4.34129760e-02  1.53388930e-02 -4.89221737e-02  3.83907109e-02
  1.39381448e-02 -1.27038630e-02 -8.82385578e-03  1.54926926e-02
  2.81730052e-02 -2.18685176e-02 -3.14776935e-02 -1.87296551e-02
 -4.75319922e-02 -9.54309572e-03 -5.35346679e-02  5.33341914e-02
  3.14525366e-02 -1.03916898e-02  3.15135345e-02  6.46817405e-03
 -1.17845666e-02  2.93252822e-02 -1.76431183e-02 -2.32031364e-02
 -6.26356676e-02  3.36022303e-02  3.56571786e-02 -9.22588690e-04
  4.61496739e-03  1.56883355e-02 -3.77501808e-02 -1.69520546e-02
  2.63975244e-02 -4.87127621e-03 -3.61532047e-02  8.86146910e-03
  5.65750711e-03  2.75491085e-02  1.32152922e-02  9.86605976e-03
  3.88304628e-02  5.28533058e-03 -8.70958064e-03 -3.86778614e-03
 -2.28445715e-04  2.49666497e-02 -1.66992880e-02 -1.22772511e-02
 -1.94408782e-02  1.09469211e-02  1.21963285e-02  4.04522717e-02
  3.61856371e-02  3.27685289e-02  4.51922242e-04  7.75360037e-03
  2.40290239e-02 -8.52628890e-03 -5.09392587e-04 -1.03476346e-02
 -1.22988960e-02 -4.85044159e-02 -1.67144125e-03  1.70355532e-02
 -5.28891804e-03 -4.97467332e-02  3.13580483e-02  3.49805169e-02
 -2.64769476e-02  2.08234787e-02 -3.52620296e-02 -9.50894132e-03
 -3.42630558e-02  1.66374370e-02  1.31635694e-02 -1.12438723e-02
  1.17624784e-02  3.37015130e-02 -3.79673881e-03 -1.03625853e-03
 -3.33372802e-02 -1.53844878e-02 -1.65704731e-02 -2.31951866e-02
  3.18227056e-03 -4.03893553e-02  6.42785653e-02  6.80589629e-03
 -3.03614568e-02  2.54162587e-02 -5.01352735e-02  9.22039093e-04
 -3.21876397e-03 -6.20639371e-03 -3.31986579e-03  3.23205218e-02
  7.66404718e-02 -3.10972537e-04 -3.74581330e-02  3.03311516e-02
 -5.15791180e-04 -2.37547327e-02 -5.24135195e-02 -2.50856746e-02
  1.19223092e-02 -1.52714187e-02  3.11171822e-02 -1.70988787e-03
 -2.72489386e-03 -1.96534721e-03 -5.50540276e-02 -3.54132876e-02
 -1.52552770e-02  2.25843787e-02 -2.23458093e-02 -4.85376082e-02
 -7.63216568e-03  2.94208582e-02 -3.81302163e-02  2.71017500e-03
 -1.07640857e-02 -1.78534258e-02  2.38142554e-02  4.48937677e-02
  2.51269788e-02 -2.53091697e-02  2.38028672e-02  4.43506166e-02
 -1.62987746e-02 -3.81357372e-02 -4.92407754e-03 -9.54908505e-03
  2.58546248e-02 -1.00476649e-02 -8.07656161e-03 -2.80428585e-02
  1.67177320e-02 -1.00824016e-03 -9.55992378e-03 -1.74570996e-02
  5.88922836e-02  7.59186689e-03  1.39342865e-03  2.27850657e-02
  2.56875400e-02 -6.59920694e-03 -4.78018727e-03 -4.12298962e-02
  1.89911313e-02 -2.63629332e-02 -3.59446816e-02  2.07426064e-02
 -4.42723394e-04  3.17422487e-02  5.86013962e-03 -1.36362212e-02
  1.86528582e-02  3.35247181e-02  4.94239964e-02  6.12498485e-02
  2.53228471e-02 -2.45768074e-02 -2.81744022e-02  4.65142867e-03
  1.36622190e-02  2.34821402e-02 -2.12210137e-03  1.57238729e-02
 -3.99543392e-03 -1.03600817e-02  1.09354313e-02  8.07061233e-03
 -2.51402073e-02 -2.22818833e-03  2.64624991e-02 -4.14510351e-03
 -3.00803743e-02  1.52012967e-02  5.09944977e-03 -1.90600399e-02
  1.59937009e-01  2.00393740e-02  3.83163569e-03 -1.93943754e-02
 -1.87575612e-02  2.89755594e-02 -2.53171474e-02  2.98266094e-02
  6.94104517e-03  8.60321522e-03 -1.47745367e-02 -2.86431592e-02
 -9.41960607e-03  3.71114202e-02  3.10585853e-02  2.36615702e-03
 -2.40179691e-02  1.28403567e-02  4.17518318e-02 -3.23887132e-02
  4.59339134e-02  2.38064751e-02 -2.25467305e-03  8.42852797e-03
  5.19193290e-03 -3.94651806e-03 -3.29344310e-02 -5.07946871e-03
  2.69394927e-02 -1.81872975e-02  1.49369463e-02 -2.14302149e-02
  5.13615878e-03 -1.38657345e-02 -1.11738534e-03  4.77071246e-03
  4.70377840e-02 -2.62815435e-03 -1.57753041e-03 -2.08901651e-02
  1.27544105e-02 -1.63734742e-02  4.80956137e-02 -7.10025616e-03
 -1.51885580e-03  3.57753746e-02  2.45682187e-02  1.19648147e-02
 -1.98422279e-02  2.50347797e-02  4.55566719e-02  5.02547659e-02
  6.84998110e-02 -2.94091031e-02 -2.44491044e-02  2.96152430e-03
 -4.52429168e-02  2.00567511e-03  1.31620159e-02  3.82416919e-02
 -2.12385580e-02  3.75014939e-03  2.89821420e-02 -3.64991948e-02
  8.06162693e-03  3.01923789e-02 -7.09977001e-02  7.25289946e-03
 -5.93366195e-03  2.37207441e-03  5.10721281e-02 -3.29639986e-02
 -1.38714453e-02 -1.56376380e-02  1.07450201e-03 -4.26667407e-02
 -7.92370737e-03  1.90626979e-02 -3.77554893e-02  3.25056836e-02
 -5.66515699e-02  1.88305825e-02  3.32717597e-03  2.05526594e-02
  3.18259895e-02  3.86602655e-02 -2.91809011e-02 -8.83277226e-03
 -1.51970144e-03 -3.36616710e-02  1.92385539e-02  5.73361712e-03
  6.84168702e-03 -4.53980081e-02 -5.62018529e-03  1.15315162e-03
  7.50602176e-03  2.43149884e-02 -3.60331126e-02 -1.52046944e-03
 -2.27142051e-02 -4.54450287e-02 -3.30385119e-02 -3.73616740e-02
  5.68499509e-03  1.25486394e-02 -1.93648618e-02  2.14886498e-02
 -1.76984165e-02  1.95713937e-02  2.58271825e-02 -1.55458599e-02
  3.49610634e-02 -2.73004733e-03 -2.02297717e-02 -2.82495543e-02
 -2.16687564e-02 -1.04337698e-02  1.24494201e-02  6.64377958e-03
 -1.02313235e-03 -5.07594384e-02  8.61102075e-04 -3.10325180e-03
  1.28347157e-02  1.44465491e-02  1.04556857e-02 -2.35434510e-02
 -5.20115122e-02 -2.13050060e-02 -4.92415912e-02 -1.60641968e-02
  2.57406421e-02  3.09129879e-02  5.81399202e-02  5.07505564e-03
 -5.13397269e-02 -4.63520363e-03  1.31228408e-02 -5.59968092e-02
 -3.47752459e-02  5.80868358e-03 -3.69037874e-02  4.52475399e-02
 -1.26370424e-02  2.45468691e-02  1.87168233e-02 -3.69444340e-02
  2.73241363e-02  2.34278347e-02  3.24392952e-02  2.01376807e-02
  2.13885140e-02  2.34598871e-02 -3.42006385e-02  1.25152068e-02
  2.47382075e-02 -3.56252305e-02  4.23393259e-03 -4.31305878e-02
  3.66484821e-02  2.37967912e-02 -3.99526097e-02  4.74711061e-02
  5.11375777e-02  3.11250705e-02 -1.69444680e-02  3.93528342e-02
 -7.24130962e-03  4.70234007e-02 -1.66961981e-03  4.51638326e-02
  3.53032257e-03  2.57077720e-02 -9.04806331e-03  5.02081821e-03
 -3.19629489e-03  2.94426959e-02  3.00759710e-02 -3.75338495e-02
  2.69014277e-02 -7.10498774e-03 -5.03466651e-02 -4.99817096e-02
 -3.77257429e-02 -2.66298782e-02  7.76743656e-03  1.33600284e-03
  3.01924180e-02 -2.16792226e-02  1.20649766e-02 -3.20013682e-03
  1.90680027e-02 -2.66926903e-02  4.75633629e-02 -2.01132149e-02
  2.87639406e-02  2.17676219e-02 -4.56542289e-03  1.81348156e-02
 -1.19928829e-02 -3.56051768e-03 -2.22449042e-02  2.66877674e-02
 -1.16226511e-04 -4.88443226e-02 -1.93264242e-02 -2.35843826e-02
  8.07053968e-03  2.07534104e-04  1.08227894e-01 -3.45264561e-02
  4.49437881e-04  1.34705557e-02  1.76276080e-02 -5.25747761e-02
 -1.18390266e-02  5.08070923e-03  4.43882030e-03  1.06841791e-02
 -1.80417765e-02  1.67364478e-02 -3.60941398e-03 -2.37295907e-02
 -6.79684505e-02  3.10245007e-02  9.86530073e-03  5.31236036e-03
  1.23647526e-02  1.51493982e-03 -3.71194966e-02 -1.41013889e-02
 -3.47062387e-02 -4.04336721e-01 -6.41988078e-03 -1.68835837e-02
  3.08314729e-02  3.57868709e-02 -1.11769158e-02  1.39359972e-02
  1.38440961e-02  9.74480156e-03 -1.86589435e-02  6.15022443e-02
  1.30354976e-02 -2.01141629e-02  6.77359942e-03  1.80621017e-02
  8.81030690e-03  8.56611729e-02  1.28620155e-02  8.63116514e-03
 -7.60938274e-03  1.32612996e-02 -1.69898234e-02  5.77705428e-02
 -3.60639654e-02 -2.98078768e-02 -1.07426560e-02 -3.62421945e-02
  4.66690660e-02 -1.06374649e-02  9.14587360e-03  2.49411464e-02
  7.24095702e-02 -2.48066783e-02 -1.74260754e-02 -6.56919088e-03
 -9.08710901e-03 -1.97741087e-03 -6.96535408e-02 -2.98953485e-02
  1.53724393e-02 -6.35803735e-04  7.06790108e-03 -4.37078364e-02
 -2.05534622e-02 -3.09690256e-02 -4.00181301e-02  2.44689845e-02
  3.66979092e-02  5.37682660e-02  3.11480444e-02 -3.31515931e-02
  1.03935435e-01 -4.89408076e-02 -8.32751393e-03  9.39830244e-02
  1.29431663e-02 -1.59430671e-02 -2.32376978e-02  2.22066417e-02
 -8.39673635e-03 -1.34218475e-02 -1.27949854e-02  3.18157338e-02
  3.68430954e-03  2.96930280e-02 -1.41400304e-02  3.48843969e-02
  9.82988277e-04 -6.51174178e-03 -1.86121836e-02  6.22852379e-03
 -1.55250812e-02 -8.97961855e-03 -1.96760930e-02  6.22837320e-02
 -2.94432486e-03 -1.64909940e-02 -3.40769663e-02 -3.07581527e-03
  1.36865797e-02  6.56958437e-03 -8.04182049e-03 -1.80009343e-02
  9.35424678e-03  7.51188491e-03  5.52173778e-02 -1.32602919e-03
  2.95389108e-02 -5.62853133e-03  2.41929106e-03  5.89420795e-02
 -2.04373784e-02 -2.46592239e-02  3.13960736e-05  4.23489921e-02
  2.23710164e-02  3.16737182e-02 -1.77334156e-02 -8.89915321e-03
  1.01134116e-02  2.86791399e-02 -7.54845981e-03  5.55224903e-03
 -1.55383749e-02 -4.40197177e-02  8.10575788e-04  2.05283929e-02
 -5.96447207e-04  1.70136560e-02  3.87219973e-02  2.26496086e-02
  1.26077258e-03  4.29062545e-03 -3.28419637e-03 -3.71761099e-02
  1.39964828e-02 -3.10013909e-02  1.59218442e-02  8.53924826e-03
  3.33694965e-02 -4.52427566e-02  4.64597009e-02  3.36917080e-02
 -1.72335617e-02 -8.57973658e-03 -3.38348672e-02 -1.85688660e-02
  2.27907244e-02 -3.53553928e-02 -6.27928600e-02 -1.28507114e-03
 -2.22558118e-02  4.38596904e-02 -3.53708887e-03  5.47783589e-03
 -7.46508390e-02  2.97859125e-02  2.02350244e-02  2.75092665e-03
  1.67576447e-02  4.07467689e-03  1.80490762e-02 -1.31365918e-02
 -5.85666932e-02 -4.68414500e-02 -9.54448711e-03 -1.13505758e-02
 -5.91324978e-02 -4.65254858e-02 -2.41443552e-02  8.26171227e-03
 -5.16443141e-02 -2.72191539e-02  8.12924094e-03  4.11327370e-02
  2.76924251e-03  2.38729659e-02 -2.52963640e-02  1.58453863e-02
  1.48906035e-03 -5.14351588e-04  1.09974984e-02 -1.49775576e-02
 -1.36101600e-02 -9.98562854e-03 -3.04231886e-02  1.26191657e-02
 -1.79611389e-02 -3.74599807e-02 -1.78357624e-02  4.53842282e-02
 -1.06997536e-02 -1.43471209e-03  3.70034040e-03  5.89677393e-02
  2.88208127e-02  2.03045867e-02 -2.46875128e-03 -7.73556763e-04
 -3.10629071e-03 -2.57284883e-02 -2.84379143e-02  2.09871251e-02
 -1.25361758e-03  3.16712074e-02 -1.75940450e-02 -1.25502767e-02
 -3.19473073e-02 -8.81982315e-03  2.90642381e-02 -3.41107063e-02
  1.06933722e-02  2.77424920e-02  1.80174876e-02 -8.50884151e-03
  9.11384448e-03  3.99886258e-02  3.73210129e-03  2.64130589e-02
  4.15892620e-03  8.21936410e-03  6.35666947e-04  2.05855444e-02
 -1.83638055e-02  1.89739335e-02  1.43101923e-02  9.10426141e-04
 -1.16868997e-02  5.29566407e-03  4.90161292e-02  1.42984185e-02
  1.05850501e-02  1.40193785e-02  5.93237951e-02 -1.69524609e-03
  1.77187137e-02 -9.30733047e-04  5.76394890e-03 -2.24689418e-03
 -7.69683998e-03 -9.74371284e-03  2.89143231e-02  4.84563299e-02
  4.33161557e-02 -5.62391477e-03 -4.12659049e-02 -2.62095239e-02
 -1.45781767e-02 -3.08853970e-03 -3.46597121e-03 -8.75526201e-03
  4.31872100e-01 -6.73863217e-02  4.03431766e-02 -2.48563550e-02
  1.48589732e-02 -8.02772492e-02  1.42659750e-02  3.83195654e-03
  6.62199175e-03 -1.29736960e-02  2.01924238e-02 -1.15993945e-02
  3.67676169e-02  2.10161731e-02 -2.78940015e-02 -2.82938145e-02
 -2.04518419e-02 -1.90326460e-02  2.32532658e-02 -5.62976077e-02
 -6.78971922e-03 -1.32306404e-02 -1.22976992e-02 -2.49102693e-02
  1.43063618e-02  4.52314019e-02  3.12375650e-03  2.51741726e-02
  2.76909154e-02 -2.18301490e-02  5.23205921e-02 -7.28887739e-03
  1.06691979e-02 -3.45567614e-03 -1.17015280e-02  6.97910506e-03
 -1.67832151e-02  1.86147057e-02  1.80942323e-02 -3.79641019e-02
  2.58769002e-02  3.64335142e-02 -2.94018332e-02  2.47391202e-02
 -4.53167148e-02  9.11617279e-03  5.35124028e-03  3.69790122e-02
  1.08137690e-01 -1.01749049e-02 -6.44620955e-02  3.95077318e-02
 -1.06392475e-02 -3.09368502e-02 -1.57486591e-02  3.15105286e-03
  2.06010509e-02 -1.83924183e-03 -3.53655871e-03 -3.11687719e-02
 -1.69018202e-03  3.20248269e-02 -3.30749080e-02 -2.72918865e-03
  2.38420330e-02 -2.85760555e-02 -3.17745097e-02  1.76834613e-02
  2.25253832e-02 -2.40813196e-02  1.52948936e-02  1.31845754e-02
 -3.14900135e-05  2.21085250e-02 -3.60059030e-02 -2.27132775e-02
 -3.51244472e-02  3.28695662e-02  2.30961926e-02 -1.51129380e-01
  2.37406939e-02 -2.39493512e-03 -8.81494489e-03  2.82169506e-02
 -3.22667626e-03 -1.02926837e-02 -4.88488004e-02  1.99018512e-02
  4.43853810e-03  6.61038514e-03 -3.39482427e-02 -5.72078489e-02
 -5.13891550e-03 -1.19295130e-02  3.77840847e-02  4.65927012e-02
  2.59075370e-02 -1.23233243e-03  4.09384770e-03  1.18254684e-03
 -2.16653384e-02  3.52113694e-02 -1.10498900e-02 -9.41555388e-03
 -3.60393077e-02  9.55828466e-03  7.33735273e-03 -1.91173125e-02
 -1.21692093e-02 -5.17497808e-02  2.55629607e-02 -7.39002600e-02
  4.12991364e-03 -3.99355926e-02  1.13562029e-02 -6.11141361e-02
  2.38457089e-03  1.80871617e-02 -1.51158394e-02  1.91563126e-02
  3.41512710e-02  8.38111155e-03  2.13547871e-02  2.44955737e-02]