[[ 1.69226527e-02 -1.56359319e-02 -4.05726545e-02  1.74812833e-03
  -9.52243805e-04 -2.21304055e-02  1.24507444e-02  3.76633294e-02
  -2.82115061e-02 -3.51863839e-02 -1.02893133e-02  1.46691799e-02
  -6.41296292e-03  4.11469713e-02 -5.59463650e-02  2.27812976e-02
   2.72523221e-02  2.18543001e-02  4.90944553e-03  9.01513454e-03
  -1.04626231e-02  2.55119428e-03 -1.06757795e-02  2.03493470e-03
   4.17668857e-02 -2.97881365e-02  1.22695500e-02  2.13267189e-02
   4.85726669e-02 -1.33183328e-02 -2.13955566e-02 -3.59362015e-03
   3.27810869e-02 -4.54961788e-03  2.22429615e-02  3.97765897e-02
   3.59005518e-02 -1.37223490e-02 -3.94783504e-02  7.27934539e-02
   3.80724631e-02 -2.01504659e-02  6.74275905e-02 -1.76224653e-02
  -1.96513906e-02 -2.81224912e-03  1.08555444e-02  2.75119785e-02
   8.21512286e-03 -8.44062120e-02  1.11767976e-02  3.74004687e-03
   1.74199436e-02  2.03852318e-02  2.83255186e-02  2.11518724e-02
   2.44425088e-02  2.25699943e-04  2.55057681e-02 -4.35677432e-02
   2.96404995e-02  5.92873758e-03  1.44732872e-03 -1.84417181e-02
  -2.67373845e-02 -1.65674388e-02  2.37070974e-02  4.75711413e-02
   2.39300970e-02 -4.81262840e-02  4.41389233e-02 -1.82609726e-02
  -3.90382856e-03  2.18065847e-02  2.45418083e-02  1.79064553e-03
   4.21123160e-03 -9.95586440e-03  2.50792131e-03 -8.21022876e-03
  -6.97483215e-03 -4.41294396e-03 -2.43832846e-03 -2.48724259e-02
   1.37200970e-02 -4.67969663e-02  7.75855547e-03  2.10459959e-02
  -1.31538054e-02  3.67746428e-02  4.28153528e-03  2.46028765e-03
   4.78356844e-03 -7.32566491e-02  4.56291549e-02  2.09050085e-02
   3.01474389e-02  5.73736914e-02  1.83940888e-03  1.11951372e-02
   2.08042711e-02 -4.61926125e-02  3.48913781e-02  1.20649952e-02
  -2.56200391e-03 -9.98223759e-03 -3.03930044e-02 -1.18719880e-02
   6.86466089e-03  5.20499721e-02  2.70827883e-03  2.42006648e-02
   4.54135146e-03  4.07929979e-02 -5.00226729e-02  2.23103538e-02
  -3.23453434e-02  3.52823325e-02  3.22819985e-02 -5.83668333e-03
  -5.41934604e-03 -9.38151125e-03  1.31310867e-02  2.36686412e-02
   1.85047071e-02 -3.70578538e-03  2.64761746e-02  1.95451155e-02
   1.60385109e-02  1.49679612e-02  2.39383020e-02 -4.10665721e-02
  -1.31797455e-02  1.80805114e-03  3.41482274e-02 -3.81627493e-02
   4.44145501e-02  2.29221005e-02  2.30793431e-02  3.03642452e-02
   1.77541692e-02 -1.25417742e-03 -1.38434134e-02 -7.40356930e-03
   2.45035980e-02  1.84083711e-02  3.32035571e-02 -1.52798565e-02
   2.70515662e-02  6.96109459e-02  1.97538571e-03  4.46506627e-02
  -2.14569867e-02  2.76502986e-02  1.68986898e-02 -3.65010165e-02
   3.68546993e-02  8.50449800e-02  5.99723076e-03  1.75017174e-02
   2.54901703e-02 -1.69602167e-02 -3.01331133e-02  5.59668848e-03
   4.35306728e-02  1.39080761e-02  2.65279785e-02  4.58352454e-02
   1.45777576e-02 -8.59867129e-03 -4.63875644e-02  2.04035491e-02
  -2.62012072e-02  1.15011046e-02  3.45159918e-02 -1.79809537e-02
  -3.81335095e-02 -3.74335386e-02 -3.07709761e-02  2.85618920e-02
   7.94150457e-02  4.62437570e-02 -2.39543244e-02  4.53227013e-03
   3.65613103e-02 -1.78757738e-02 -7.53196189e-03  3.01933493e-02
  -1.79055613e-02 -2.04281434e-02 -7.26860669e-03  3.12701501e-02
   3.34184570e-03  2.99165137e-02  2.07354464e-02 -1.30927116e-02
  -1.21673830e-02  1.55883906e-02  4.52163294e-02 -3.05207167e-02
  -1.28744235e-02 -6.24849200e-02  2.56574508e-02  1.15458318e-03
   4.73770499e-02  1.94217768e-02 -5.22830943e-03 -7.32517540e-02
   2.62620691e-02 -1.06904581e-01  1.39769632e-02 -4.15225839e-03
   2.47400999e-03 -3.44437733e-02 -3.96130420e-03 -5.54884365e-03
  -2.12414470e-03  5.58339171e-02  2.93756705e-02 -2.19049677e-02
   1.66594554e-02  1.02839982e-02  3.24443504e-02 -7.29714334e-02
  -3.43929417e-02 -4.40551043e-02 -5.33923041e-04 -5.07938210e-03
   4.50387364e-03 -1.35943033e-02  2.65323855e-02  3.32036347e-04
   2.57860254e-02 -2.17767456e-03  2.88293678e-02 -1.40461419e-02
  -1.51079204e-02 -2.93676499e-02  5.05287088e-02 -2.10737549e-02
  -2.13477071e-02 -2.38919314e-02 -1.02701352e-03  2.39649210e-02
  -1.96533706e-02  2.09833961e-02 -6.62570521e-02  2.11812556e-02
   7.35416217e-03 -1.45325891e-03  2.92953500e-03  2.72921044e-02
  -1.14645716e-02 -7.81333447e-02  2.44734995e-02  5.25136944e-03
   3.12754288e-02  3.16981948e-03  7.28600100e-03  5.20458929e-02
   1.86248142e-02  3.80497649e-02 -3.03818770e-02 -2.28756052e-02
   4.85836267e-02  5.01363212e-03 -1.14738634e-02 -6.77964240e-02
  -5.30773290e-02 -3.45453918e-02 -2.71358853e-03 -3.33983498e-03
  -4.10832986e-02 -8.36542156e-03 -1.09125616e-03 -4.24443465e-03
   4.49037105e-02 -2.23529544e-02 -2.29188055e-02 -2.91202012e-02
  -6.58097630e-03 -9.34203737e-04 -4.29285206e-02  1.14618586e-02
  -1.70867406e-02 -8.64198082e-04  4.45186254e-03  1.98117625e-02
   2.49324404e-02  3.51627208e-02 -1.95794422e-02 -1.93846202e-03
  -7.45078037e-03 -4.00251187e-02 -8.07794277e-03 -1.05862916e-02
   1.82297435e-02  2.16167998e-02 -4.54608910e-03  1.22984527e-02
  -2.47237906e-02 -3.21027823e-04 -5.13260178e-02 -4.24503796e-02
  -1.59278587e-02 -2.72267703e-02 -1.21863894e-02  3.78227793e-03
  -8.68654065e-03 -3.78754586e-02 -1.21693481e-02 -3.59509401e-02
  -3.91071588e-02 -2.38691214e-02  3.82154025e-02  5.90983070e-02
  -3.82520497e-01  1.28232045e-02 -6.13559410e-03 -6.96474314e-02
  -3.20746712e-02 -5.57859242e-02 -4.09527272e-02  8.49512871e-03
  -4.33464833e-02  4.55640592e-02 -5.52288145e-02 -5.58264293e-02
   1.46502852e-02  2.44902428e-02  4.13345695e-02 -3.05352136e-02
  -2.11540493e-03 -1.25014074e-02 -7.12847861e-04 -1.30310282e-02
   2.66683400e-02  1.58487409e-02  9.12484247e-03 -4.88493331e-02
  -2.14515235e-02 -8.88912156e-02  3.94003429e-02  2.31474843e-02
   3.77729312e-02  5.90261212e-03  1.26362126e-03 -3.76307592e-02
  -9.52807441e-03  2.17068512e-02 -2.46148873e-02  7.65336305e-03
   7.55373808e-03 -3.72278057e-02  1.09305372e-02 -8.72158539e-03
   1.36185884e-02 -2.34908843e-03 -1.88578479e-02 -3.78092155e-02
   9.31624603e-03  1.46864858e-02  9.22811124e-03  4.39423211e-02
  -3.37603944e-03  1.43389758e-02  5.10389358e-02 -5.72039634e-02
   7.81759340e-03 -2.11807098e-02  3.17338854e-02  2.45124307e-02
  -4.85826284e-03  1.71472374e-02 -5.15107589e-04 -1.50055168e-02
   3.68572213e-03  6.82303011e-02  6.83983415e-03 -1.79116670e-02
   3.50977294e-02 -7.69978156e-03 -3.71804573e-02 -3.43631022e-03
  -2.76790815e-03  3.38461949e-03 -2.27034409e-02 -4.65656519e-02
  -4.38072644e-02 -4.89875395e-03  5.72808422e-02 -3.76007557e-02
  -5.08124717e-02 -2.00008713e-02  2.45554633e-02 -3.36226001e-02
  -3.13594788e-02  5.86596429e-02  5.89950848e-03  1.45959267e-02
  -1.13125173e-02  6.44849846e-03 -2.28070728e-02 -3.85594442e-02
  -2.21366119e-02  1.04046036e-02  4.16968539e-02 -1.34271737e-02
  -2.46945117e-02  1.98255163e-02 -6.70035258e-02 -4.26563732e-02
   1.15405871e-02 -1.64426435e-02 -3.01905982e-02  3.60799804e-02
   3.88761330e-03  1.92952789e-02 -1.56462714e-02 -2.28277240e-02
  -3.99153270e-02  3.19992192e-02 -4.58325893e-02  3.39405015e-02
   1.01040844e-02  3.66630293e-02 -2.99743395e-02 -1.16599665e-03
   1.58024523e-02  3.64599340e-02 -3.42416391e-03  1.82597972e-02
  -5.95628377e-03 -6.54870470e-04  2.65028719e-02  6.55585527e-02
  -3.55490111e-02  7.50623597e-03 -3.70233543e-02  2.77949441e-02
   3.63817543e-01  2.38496880e-03 -1.90930776e-02  1.15783773e-02
  -4.30794433e-03 -7.82406237e-03 -4.77960594e-02 -3.37642655e-02
  -3.01773101e-02 -3.63094918e-02 -6.60958653e-03 -5.44740148e-02
   1.29667427e-02  1.03498658e-03  6.09862665e-03  1.53052239e-02
   4.18909341e-02  4.52153459e-02 -1.96671840e-02  2.91377995e-02
  -1.57535467e-02  8.99729505e-03  3.99731919e-02  7.55945966e-03
  -2.22549997e-02  3.20883095e-02  1.30220102e-02  1.32389599e-02
  -2.65960838e-03 -1.79536492e-02 -3.14080194e-02  6.85807783e-03
  -2.09755898e-02  1.54831912e-02 -3.49263847e-03 -6.04553744e-02
  -1.15429237e-02 -2.27799658e-02 -8.11577402e-03  2.79034562e-02
  -1.90918408e-02 -3.00659481e-02  4.50952277e-02 -1.92288309e-02
  -2.39388123e-02  5.44619821e-02 -3.72533351e-02 -3.14222127e-02
  -2.02505738e-02 -9.06264689e-03 -3.55425477e-02  4.47848178e-02
  -9.97594837e-03  4.12356518e-02 -6.79908181e-03 -3.46772955e-04
   1.73676368e-02 -7.77147105e-03  2.79978500e-03  3.21851745e-02
  -3.39370593e-02 -2.44026706e-02  3.42815154e-04  5.39945997e-02
  -9.20383707e-02  2.94527095e-02 -1.32450843e-02  3.47979628e-02
  -5.02577014e-02 -3.97338718e-03 -3.15750800e-02 -8.97032209e-03
  -8.23642127e-03  5.83999977e-03  4.41525429e-02 -3.75897717e-03
   5.74413538e-02 -5.03830612e-02 -2.26074979e-02  2.00975575e-02
   1.03278318e-02 -5.73461084e-03  1.85654834e-02  1.65627114e-02
  -1.56109938e-02 -4.53441292e-02  9.76268575e-03 -1.51782669e-02
  -8.14170670e-03 -1.58396438e-02  1.04730586e-02  1.71448532e-02
   2.03685146e-02 -1.50329759e-02  6.60057589e-02  7.01058330e-03
  -5.02097234e-02  3.87068912e-02 -2.56033912e-02 -2.62949429e-02
  -1.11315465e-02  6.86828569e-02 -5.97822852e-03 -3.97704504e-02
   1.08899353e-02  2.88687088e-02  3.99737209e-02  5.06315613e-03
  -5.29341325e-02 -2.12959088e-02 -4.50903922e-03 -4.29878980e-02
   4.83442917e-02  4.79863817e-03  5.03158476e-03  2.82924343e-02
  -5.46161793e-02 -4.79228869e-02  3.52324173e-02 -7.18137575e-03
  -1.27153844e-02  3.44657786e-02 -6.90850616e-02 -6.53419178e-03
  -3.49811353e-02 -5.86213097e-02 -2.71492787e-02 -1.12081803e-02
   1.58708412e-02  1.05536468e-02  2.06137672e-02  1.95894986e-02
  -1.10873561e-02 -2.48922948e-02  3.88264656e-02 -1.15676308e-02
   2.21906733e-02  1.29458541e-02  1.14646489e-02 -3.04638594e-02
   1.11212870e-02 -5.10375425e-02  1.31192682e-02 -3.12749594e-02
   6.88716117e-03 -3.38273644e-02 -1.40679302e-02  7.01816229e-04
   4.07630503e-02 -2.32973322e-03 -2.51700673e-02 -2.19996627e-02
   1.61768664e-02 -4.91779298e-02  1.35518322e-02  4.35561836e-02
   2.28113867e-02  1.05320495e-02  8.16351082e-03  5.09116389e-02
  -2.58152336e-02  3.94492131e-03  5.08746738e-03 -1.46705685e-02
   4.10653464e-02 -7.78959692e-02  4.49619666e-02 -1.70616116e-02
  -2.46254131e-02 -1.03963343e-02 -2.53586341e-02 -3.52431722e-02
  -2.10609343e-02  1.19101247e-02 -2.16180198e-02  4.48578671e-02
   1.31378602e-03 -2.50124652e-02 -4.90305596e-04 -5.97281242e-03
   5.69946766e-02 -1.37603078e-02 -1.93703845e-02  1.45512028e-02
   2.69370992e-03 -5.34011982e-03  2.61020586e-02  9.80118848e-03
  -3.53682414e-02 -6.64895922e-02  4.71233130e-02 -1.41761247e-02
   5.77916484e-03  1.15864724e-02  2.61799134e-02 -8.95523094e-03
  -8.31054430e-03 -1.30485576e-02  1.24833873e-02 -4.82411012e-02
   1.13082514e-03 -5.93019882e-03 -1.01484568e-03  5.15720295e-03
   1.59414634e-02 -8.11322257e-02 -3.62459570e-02 -1.62535403e-02
   1.40061080e-02 -7.46279210e-02 -3.16439793e-02 -7.27367774e-02
   3.48937884e-02 -2.77510695e-02  1.66575518e-02 -1.72947124e-02
   2.15041079e-03 -3.21980938e-02 -4.63694483e-02 -6.49260869e-03
  -3.50712240e-02 -4.63260971e-02 -6.45033419e-02 -3.64842527e-02
  -2.41391808e-02 -2.89647467e-02  3.96905467e-03 -1.90639962e-02
  -2.97377426e-02  3.49929444e-02 -2.37168497e-04  7.03307148e-03
   9.70852282e-03 -4.75327186e-02  1.48016140e-02  4.73118722e-02
  -2.80117299e-02 -3.22718434e-02 -5.70932124e-03 -8.08171753e-04
  -1.51390927e-02 -2.99610253e-02 -2.21511554e-02  7.87669234e-03
   5.68887815e-02  6.63259700e-02 -1.61727592e-02  3.89288776e-02
  -1.64682530e-02  2.38109604e-02  3.28157842e-02 -3.32238786e-02
   2.58872844e-02 -3.01105250e-02 -1.35191418e-02  7.93279801e-03
  -1.70945916e-02 -1.27631957e-02  5.76257780e-02 -1.50855547e-02
  -3.27201001e-02 -3.79999951e-02  3.00019812e-02 -6.96762130e-02
   1.78369097e-02  6.27769483e-03  3.51240556e-03  4.32392620e-02
   9.19448137e-02 -3.93579062e-03  1.24020260e-02  1.08522549e-02
   4.90038432e-02 -2.54405867e-02 -9.72595345e-03 -1.24269761e-02
  -1.38543183e-02  2.14779582e-02 -2.32914407e-02 -1.60913405e-05
  -7.73132890e-02  4.86666337e-02 -2.82748658e-02 -9.59620178e-02
   1.85728390e-02 -1.59291513e-02  6.08702563e-03 -3.47156189e-02
  -4.04690243e-02  2.95111965e-02 -3.89293954e-02  1.80769023e-02
  -2.66947802e-02  2.95818765e-02 -1.09294448e-02 -1.98579282e-02
   6.19212573e-04 -2.97036171e-02 -5.02351625e-03  3.55580300e-02
  -1.32029941e-02  3.77133489e-02  1.51535943e-02  4.94835805e-03
   1.16120344e-02  2.80844104e-02  4.12676148e-02 -3.21223214e-02
   1.43353334e-02 -2.55792383e-02 -3.69684165e-03 -4.23842818e-02
   3.82885039e-02 -1.65152736e-03  1.47513682e-02 -3.55052799e-02
   6.98270947e-02 -1.67246833e-02 -4.45984975e-02 -3.18672210e-02
  -7.14267865e-02 -1.69834998e-02  4.64179041e-03  3.22508253e-02
   2.61684880e-02 -3.15449275e-02  1.75091613e-03  7.40257204e-02]]