[ 2.23770533e-02  1.72114596e-02  6.23697080e-02  2.16231099e-04
 -3.82619984e-02  2.64547132e-02 -4.96103987e-03  1.32964337e-02
  1.40389875e-02 -2.04563905e-02 -7.96649547e-04 -1.68455194e-03
  1.65132841e-03 -1.87927503e-02  9.53356549e-03 -2.33644363e-03
  2.55568940e-02 -8.01516604e-03  2.54502483e-02 -1.64658446e-02
 -7.39005907e-03 -3.74904973e-03 -5.42185130e-03  1.90580767e-02
 -2.25698538e-02 -2.23483890e-02 -1.97597053e-02 -4.27552015e-02
 -1.30663365e-02 -3.15198861e-03 -8.73804186e-03  6.31275913e-03
 -6.31923694e-03  1.69798906e-04  2.77707968e-02  2.20064586e-03
 -1.81928631e-02 -1.58833079e-02 -1.78065486e-02 -3.02847940e-02
  6.72276877e-03 -3.21490946e-03 -7.97431450e-04  1.09525230e-02
 -7.17465114e-03  4.85484973e-02 -6.76076766e-03 -2.19042450e-02
 -1.23034688e-02 -1.35586224e-02 -2.57946476e-02  8.55482277e-03
  2.99319485e-03  8.21729470e-03  1.61127858e-02 -2.78591048e-02
  2.49692686e-02  1.32023115e-02 -1.78852119e-02 -2.15545706e-02
 -1.07182376e-02 -2.18454339e-02  2.36709490e-02  7.79438578e-03
  1.75748281e-02 -2.25910954e-02  6.05705706e-03 -9.00079322e-04
  1.28292982e-02  7.19310204e-03  5.08029899e-03  7.92939309e-03
  2.55033448e-02  1.61229745e-02  2.43320838e-02  8.09219759e-03
 -8.00762977e-03 -2.11492740e-02 -5.59672201e-03 -7.41894823e-03
 -4.95363073e-03  2.13806238e-02 -1.15949335e-02 -2.34023598e-03
  3.39846462e-02 -9.14661121e-03  1.83910062e-03  1.29941723e-03
 -2.36827210e-02 -4.19712625e-03  1.63029355e-03  3.12283379e-03
  4.53870511e-03 -1.32935885e-02  1.09077469e-02  7.87217356e-03
 -1.23746833e-02 -7.95706734e-03 -9.93558299e-03  8.66999384e-03
 -2.32463051e-02  7.84065342e-04  6.65519794e-04 -5.06252330e-03
 -1.27266571e-02 -2.58331280e-02  2.09397692e-02 -1.27317122e-04
  1.97963864e-02  2.83574429e-03  3.54866050e-02  2.21301848e-03
  7.05973536e-04 -1.93820298e-02  2.01174114e-02  8.52969315e-05
  2.00454593e-02 -1.19618494e-02 -4.06033210e-02 -2.60481331e-03
 -1.03343409e-02 -2.81184912e-04  7.66052725e-03  1.52619705e-02
  2.75895037e-02 -2.01532207e-02  4.13228106e-03 -3.60146910e-03
 -1.50174685e-02  5.76878246e-03  5.31406607e-03 -3.21948878e-03
 -1.50403911e-02 -7.83754420e-03 -4.31531155e-03  1.75280590e-02
 -7.99622107e-03  4.91577713e-03 -5.96858049e-03 -2.71504223e-02
  6.32295245e-03 -5.70493098e-03 -5.71424421e-03 -2.08768365e-03
  1.40799768e-02 -3.07424068e-02  1.37501182e-02 -3.15791555e-02
  4.73427353e-03  2.70617548e-02  1.76611729e-02  9.69642401e-03
  2.32860539e-02  1.37905683e-02 -7.59585574e-03  4.47855191e-03
 -1.71620294e-03 -7.04713864e-03  1.67701971e-02  1.57622285e-02
 -2.80353427e-03 -1.23270589e-03  1.42591726e-02 -3.00655514e-03
 -1.53063545e-02 -1.75918499e-03 -6.88335672e-03 -8.56775511e-03
  1.73107740e-02 -1.00630596e-02 -9.27720778e-03  2.17149430e-03
  7.42116594e-04 -9.49774869e-03  2.07399614e-02  8.02243967e-03
  6.04683952e-03 -8.86604190e-02  3.14405859e-02 -1.20878424e-02
  3.96095328e-02 -1.74610112e-02  7.46225752e-03 -1.07810609e-02
  5.89503441e-03 -3.02150212e-02 -1.91942137e-02 -1.34159466e-02
 -2.65916698e-02 -4.81897593e-02 -4.30298178e-03  2.16352139e-02
  1.47571964e-02 -9.45033692e-03  1.18789971e-02  9.04367364e-04
 -4.41934653e-02 -1.42367603e-03 -4.95999493e-03  9.09424014e-03
 -1.36310831e-04 -3.99606563e-02 -1.29982717e-02 -1.04428844e-04
 -1.53826633e-02  3.43982130e-02 -1.49941565e-02 -1.82734150e-02
  2.68055871e-02 -8.00874829e-03  6.09496003e-03  8.20610113e-03
 -1.92398001e-02 -2.70055636e-04  1.72083061e-02  1.76747199e-02
 -3.32120829e-03  1.22999158e-02  1.07221156e-02 -3.50024179e-02
 -2.24021506e-02  9.68350505e-04  4.98189358e-03 -1.88969653e-02
  1.43595431e-02 -6.97196601e-03  5.12498722e-04  1.70257706e-02
  1.97760984e-02 -1.85704848e-03 -4.47232462e-03  5.41912811e-03
  5.64925335e-02 -1.64061971e-02  9.47328168e-04  1.33600086e-02
  1.37843369e-02  5.24585955e-02 -3.10843321e-03  1.05714938e-02
 -2.49629393e-02 -7.56339543e-03  2.81487331e-02 -3.29489149e-02
 -2.15538256e-02  2.61769369e-02 -3.45578380e-02  2.42125094e-02
  1.52598564e-02 -1.07367029e-02  1.23654632e-02  5.03056264e-03
  2.80598202e-03  1.39797861e-02 -1.12069463e-02 -3.36406119e-02
 -9.65030398e-03 -5.37078604e-02  8.66492838e-03 -4.48074229e-02
 -1.67616066e-02  1.14783011e-02  1.07446816e-02  2.70807799e-02
  1.17557142e-02  1.11234374e-02  6.76226523e-03  6.65897038e-03
 -2.15921476e-02  6.30337221e-04  1.35086654e-02  4.25557699e-03
  3.66113754e-03  9.00562014e-03  6.08323095e-03 -6.32316479e-03
 -1.37219317e-02  7.82547891e-03  1.87292062e-02 -6.68996433e-03
 -1.12010753e-02 -7.22763762e-02 -6.68334134e-04 -2.51376014e-02
  2.88965441e-02  6.19749539e-03  4.93967719e-03  8.84050969e-03
 -5.19691454e-03  5.09661250e-03  5.19482326e-03 -3.24864057e-03
 -2.92468388e-02  1.10252923e-03 -1.01691121e-02  1.67388730e-02
 -2.73094717e-02 -9.65746120e-03 -8.88237823e-03  2.39421558e-02
 -3.60167995e-02  2.29649898e-03  1.72066558e-02 -2.98001207e-02
 -1.10154571e-02  1.26761924e-02 -6.45849342e-03  9.69694648e-03
 -6.36040652e-03  3.28381592e-03  3.43344174e-02 -2.44968068e-02
 -3.79566327e-02  6.46963157e-03  2.81873997e-02  6.76739868e-03
 -8.20433423e-02  1.78528558e-02 -9.88462660e-03  9.43444949e-03
 -2.12562084e-02 -3.09538674e-02 -2.19295733e-03  1.12282299e-02
  1.89475026e-02 -8.68530758e-03 -9.67747346e-03 -3.73768285e-02
 -8.63034371e-03  7.04891756e-02  9.29400267e-04  3.56557518e-02
 -2.55392976e-02 -1.14419928e-03 -3.19456891e-03 -9.65326035e-04
 -1.56306196e-02  1.08875073e-02 -2.14921050e-02  8.74916464e-03
  1.49316178e-03 -5.24120824e-03  4.50336793e-03 -8.15505744e-04
 -1.10344030e-02 -1.94558203e-02  2.90217670e-03  1.20445155e-02
 -1.09356437e-02  1.66757579e-03  2.74013216e-03  3.25935371e-02
 -1.21966805e-02 -5.85219823e-03  2.76920162e-02  8.61539971e-03
  2.30134651e-02  7.94738065e-03  2.34554809e-05  1.52266650e-02
  1.80377457e-02  2.73752790e-02 -8.82812962e-02  2.77124625e-02
  1.41173154e-02  1.47869391e-02  3.25103216e-02 -9.24919825e-03
 -8.70769192e-03  6.73679076e-03 -4.47187293e-03  8.49414337e-03
 -1.34609947e-02  5.31853270e-03  8.82279407e-03  5.67972613e-03
  9.66979750e-03 -7.39381835e-03 -2.48692501e-02  2.71856692e-02
  2.52951086e-02  1.06075024e-02  2.05975380e-02 -1.95754748e-02
 -1.20286075e-02  1.33026792e-02 -2.03373954e-02  1.51921567e-02
 -3.19408625e-02  1.65945739e-02  8.42909515e-03  5.38380875e-04
 -2.36409856e-03  3.35677862e-02  4.29777056e-02  2.63074273e-03
  4.60017147e-03  5.26492763e-03 -1.11204926e-02  1.13234259e-02
  2.50574388e-03 -1.35969315e-02 -9.32613667e-03 -1.04649095e-02
 -6.55533448e-02 -3.17149758e-02  4.96013090e-03  2.49996260e-02
 -1.61930434e-02 -3.38921719e-03  2.11127978e-02 -4.05001966e-03
  4.00012499e-03 -5.27255476e-01  4.21842374e-03  2.69549098e-02
 -2.53923191e-03  2.27203351e-02 -2.34409235e-02 -3.31701748e-02
 -4.39575501e-02  6.09889918e-04 -4.01246781e-03  2.27561798e-02
  1.61653291e-02  1.45209143e-02 -5.59806649e-04  2.18418101e-03
 -4.98048868e-03 -1.30409198e-02 -1.57915056e-02  6.70481648e-04
 -4.73131519e-03  1.35212252e-02  2.06603091e-02 -1.03934463e-02
  1.87875405e-02  2.19579879e-03 -4.61765216e-04 -2.41069845e-03
  7.13815391e-02  1.00026783e-02  1.68543439e-02  4.35952330e-04
  7.70590501e-03 -3.03236349e-03  1.28748994e-02  1.35837896e-02
  1.13366712e-02 -2.00412758e-02 -3.38047817e-02 -4.31757718e-02
 -2.07260419e-02  3.21128475e-03  1.96650065e-02 -4.04770765e-03
  4.26690727e-02 -1.57756228e-02 -3.57122086e-02  2.39859149e-02
 -1.64613910e-02 -5.11615397e-03  2.01530363e-02  1.08522661e-01
  1.55357188e-02  1.06743136e-02  2.75791548e-02  1.56053573e-01
  1.83533952e-02  2.54419651e-02  3.95475945e-04 -6.11500815e-03
  3.14110555e-02  5.74961910e-03  2.19349489e-02  5.46519598e-03
  3.46025871e-03 -3.96478288e-02 -1.51844425e-02 -3.50502436e-03
 -1.06958561e-02 -9.42791626e-03  1.79577954e-02 -6.53038267e-03
  1.52503019e-02  1.08466810e-02 -1.65606495e-02 -1.68671478e-02
  2.37259436e-02 -5.06161228e-02  4.22277637e-02  5.26778726e-03
  1.27074867e-03 -8.58854130e-03 -1.94642581e-02  8.86859547e-04
  4.26022196e-03 -5.79610607e-03  1.61293987e-02 -1.11470586e-02
 -1.33128529e-02  2.10666880e-02  2.74344347e-02 -7.41255470e-03
 -1.57578774e-02  4.19802545e-03 -3.33992648e-04 -2.69749109e-03
  1.70626491e-02 -1.10176373e-02  9.48680285e-03  4.17653704e-03
 -4.06284705e-02  1.35789551e-02 -6.24684803e-03 -1.28692817e-02
  4.45094630e-02 -1.79703385e-02  1.05601549e-03  2.95165014e-02
 -2.05373280e-02  5.25021739e-03  4.11267467e-02  1.30061321e-02
 -1.09129529e-02 -3.10808942e-02  1.35905750e-03 -1.14929872e-02
 -4.35537808e-02 -2.36571468e-02  5.87512478e-02  1.70483917e-03
  4.74138232e-03  3.80628672e-03  1.97633822e-02 -7.31515605e-03
  1.50919314e-02  1.95421092e-03  4.27767187e-02  2.14071963e-02
 -1.94416121e-02 -6.03738334e-03 -1.76916849e-02  2.93334387e-02
 -3.59072164e-02 -1.03142802e-02 -2.18868274e-02  1.54827023e-02
  6.21131156e-03  1.28242439e-02  2.05218382e-02 -1.29808187e-02
 -9.76295490e-03  8.34677462e-03  3.29578742e-02 -1.53355971e-02
 -1.47047743e-01 -2.06508837e-03 -2.51107924e-02 -1.88705437e-02
  4.73065116e-02  6.36297651e-03  4.55996895e-04 -3.63609171e-03
 -3.96540463e-02  1.77039753e-03  1.33220721e-02  2.09739637e-02
  2.96991598e-02 -1.89457729e-03 -4.46770666e-03  2.37172507e-02
 -3.56580503e-02  8.51591583e-03  2.96335220e-02 -2.00429279e-02
  2.58488003e-02 -8.70829634e-03  1.07976897e-02 -2.10209340e-02
  5.40386792e-03 -6.59527676e-03 -1.92079805e-02 -5.68273710e-03
  2.21022572e-02  1.46886595e-02  3.03214993e-02  1.53113017e-02
  2.80647427e-02  1.74334627e-02 -5.51591329e-02  2.95173600e-02
  1.27781807e-02 -1.43468343e-02 -4.00343939e-04 -2.67379871e-03
  4.87214979e-03  1.38939526e-02  1.03362296e-02  1.04076406e-02
 -3.01789548e-02  4.86886539e-02  6.32936507e-03 -7.75893917e-04
  1.87707245e-02  1.21305529e-02 -6.39884965e-03  1.66709870e-02
 -2.42455807e-02 -2.91575515e-03  2.19615083e-03  1.24982800e-02
  1.85387686e-03  1.40812695e-02  3.06456978e-03 -3.82234924e-03
  1.69951916e-02 -7.09341912e-05  1.84003394e-02  2.70196367e-02
  1.73913464e-02 -6.88624289e-03  3.86222787e-02 -1.94751155e-02
  1.00004598e-02  3.30420546e-02  1.11801755e-02  2.08522789e-02
 -8.53328500e-03  2.72584567e-03  9.39950626e-03  1.17253577e-02
 -1.60197506e-03 -2.07425728e-02 -1.49940392e-02 -1.07596748e-01
  1.42655587e-02  3.34051158e-03  2.02399190e-03 -2.12542880e-02
 -1.35346362e-02  5.88636240e-03 -2.50918381e-02 -4.22534086e-02
  5.60903966e-01  1.76343359e-02 -5.14928065e-03 -2.62959059e-02
 -1.03325108e-02 -3.69568877e-02 -1.86109194e-03 -8.13802984e-03
 -4.66837344e-04 -1.34193935e-02  3.97933554e-03 -4.45094053e-03
  1.94391399e-03 -3.87402028e-02 -1.76012435e-03  5.39730377e-02
  7.73269031e-03 -2.17695953e-03  5.09733483e-02 -1.25647401e-02
 -2.06619743e-02 -1.09476643e-02  1.50883594e-03 -2.41922978e-02
 -1.01257795e-02 -5.84748760e-02  1.19999731e-02  1.25621753e-02
 -7.01979501e-03 -3.17969971e-04 -6.80191955e-03  7.90455937e-03
  1.55252889e-02  1.02737488e-03 -3.15690339e-02  1.96968466e-02
  2.03789920e-02 -8.30361969e-04 -4.24118526e-03  2.33895257e-02
  3.35282600e-03  2.17272080e-02 -1.77409519e-02  1.33587383e-02
  2.54010186e-02  1.04192365e-02  2.13579964e-02  2.00325660e-02
  1.14927724e-01  5.40284300e-03  3.87892267e-03  1.64662898e-02
  1.31249921e-02 -3.37646939e-02  1.35462815e-02 -7.44425831e-03
 -7.72002665e-03 -1.10108033e-02  1.23708537e-02 -2.74242857e-03
  5.75993536e-03  1.77842434e-02 -1.07934643e-02 -3.05010919e-02
  1.52712157e-02 -1.52554864e-03 -1.51836975e-02  1.68707408e-02
 -5.66592952e-03  2.47749276e-02  2.91984528e-03 -7.44598033e-03
  6.51616836e-03  1.78511895e-03  2.36343052e-02 -1.59022529e-02
  4.02522692e-03 -3.34467064e-03  1.36792222e-02 -1.54178828e-01
  2.15403568e-02 -5.51569089e-02 -7.79540464e-03 -1.84020810e-02
  1.28486333e-02  4.79984190e-03 -1.06823258e-02 -2.91383956e-02
 -5.55365253e-03 -3.91887361e-03 -1.36976745e-02 -1.68001372e-02
  3.49056870e-02 -1.31394435e-02  1.65911820e-02 -1.15559222e-02
 -1.51031474e-02  1.03684459e-02 -2.30111238e-02 -7.05565000e-03
 -1.17076957e-03 -2.46455371e-02 -2.84609199e-03 -3.10353693e-02
 -4.34055971e-03  2.16022413e-02 -2.93035456e-03 -1.12180691e-03
  1.70999281e-02  4.25330503e-03  7.19895912e-03 -1.72675475e-02
  3.27853858e-02 -8.93449970e-03  8.46662372e-03 -1.72443222e-02
  9.53535363e-03 -1.63594894e-02 -4.48807627e-02  1.00186476e-02
  2.50660591e-02  2.95968028e-03  9.69625916e-03  5.08728996e-03]