[[ 4.14836407e-02  3.21513303e-02  4.08937782e-02 -4.36783917e-02
  -3.32829729e-02 -3.99336219e-02  4.25204039e-02 -2.68312562e-02
  -3.08132116e-02 -1.90315209e-02 -1.28371539e-02  4.96215886e-03
   7.07683042e-02  4.08289954e-03 -3.83011810e-02 -7.89981429e-03
   1.33545659e-02  4.33225334e-02 -3.15620378e-02  4.36505415e-02
  -2.47332044e-02  3.86026837e-02 -1.61616839e-02  7.98053481e-03
   3.94674242e-02 -3.30413133e-03 -2.78483871e-02 -4.60796803e-02
   4.89133522e-02 -2.12850273e-02  3.09417006e-02 -8.03454593e-03
   2.02363241e-03  1.94601959e-03  3.42294797e-02  1.52856186e-02
  -5.28075881e-02 -8.62837136e-02  1.74115691e-02 -4.61726561e-02
  -1.05944760e-02  2.33793352e-02  2.90617882e-03  4.82299700e-02
  -3.33350487e-02  2.68279295e-02  3.63154598e-02  7.50969574e-02
   4.05423976e-02  3.97340022e-02  2.47058980e-02 -8.37009586e-03
  -7.58924931e-02  6.50419621e-04 -2.02494226e-02 -9.77089349e-03
   1.29921595e-02 -1.08350918e-03  6.29338017e-03 -3.62553112e-02
  -5.10169519e-03 -2.43650582e-02 -3.50476359e-03  1.67246927e-02
  -2.54331045e-02  3.78577486e-02  4.76947129e-02 -6.92318529e-02
  -1.26934098e-02 -2.03212220e-02  3.09386272e-02 -3.56632397e-02
   1.61321834e-03  2.85038501e-02 -4.48797606e-02 -1.28985317e-02
  -1.63723771e-02 -5.80884032e-02  6.06041588e-02 -2.38152314e-02
  -5.28189689e-02 -3.03381793e-02  3.29126790e-02  1.38187679e-02
  -8.73104844e-04 -1.84841082e-02  8.06244835e-03  6.38526902e-02
   9.35112312e-03 -6.92143738e-02 -1.69011008e-03 -8.99154320e-03
  -2.14641467e-02 -4.58636060e-02 -2.59477235e-02 -1.96822938e-02
  -2.02789120e-02  6.20351965e-03  4.93366010e-02  1.64161790e-02
   4.03995514e-02 -5.93718607e-03  7.54712373e-02 -3.80844437e-02
  -1.99941006e-02  8.74459092e-03 -4.78155026e-03  1.20496638e-02
  -8.08596984e-03 -9.65656061e-03  1.95223913e-02  7.78450049e-04
   6.97207812e-04  2.14774366e-02 -4.53594849e-02  1.17247161e-02
  -6.01770654e-02  3.62347104e-02  5.23016751e-02 -3.63311544e-02
   1.29865212e-02 -2.94915270e-02  7.80119598e-02 -5.36567357e-04
  -6.16873242e-03 -7.59529788e-03  3.20421420e-02  7.15262862e-03
   2.71083023e-02 -3.93726956e-03 -7.99214002e-03  2.34333146e-02
  -3.44859101e-02 -3.67957214e-03 -2.09102333e-02 -4.14885543e-02
  -4.81190486e-03  8.06911848e-03 -1.13805346e-02 -5.17009571e-02
   1.23499371e-02 -4.09867205e-02  3.15632559e-02  5.48403338e-02
  -8.56754705e-02  2.18867995e-02 -5.88232465e-03  2.97837649e-02
   4.22425419e-02 -1.77358673e-03  4.36395081e-03  1.01977345e-02
  -4.71697263e-02 -4.46336307e-02 -1.10660959e-03  1.05354050e-03
  -3.15446383e-03 -8.18972103e-03 -5.73820956e-02 -4.59008403e-02
  -4.84255981e-03 -1.57658216e-02 -5.45964651e-02  2.45395172e-02
  -1.16200633e-02  5.93829388e-03 -1.86536741e-02  4.04986367e-02
  -2.19015423e-02 -2.15497855e-02 -3.38614383e-03  7.19306394e-02
  -2.76099658e-03 -8.70926306e-03 -3.39425243e-02  5.77796772e-02
  -1.07299387e-01 -5.52333593e-02  8.91552046e-02  1.26532950e-02
   4.87990445e-03 -2.13858336e-02 -1.04537597e-02  2.48843990e-03
   3.28767262e-02  2.87101306e-02  2.09920947e-02  1.65966712e-02
  -5.24117239e-02 -2.15271655e-02  7.54554570e-02  1.00222481e-02
   2.44431081e-03 -1.73920188e-02  1.01406584e-02 -4.60228100e-02
   7.34265372e-02  5.43739125e-02 -1.16408560e-02  4.02131863e-02
   3.51148993e-02  2.64953803e-02  5.30830771e-03 -2.81698592e-02
  -7.04708323e-02  2.84535605e-02 -1.41402110e-02  1.38725806e-02
  -1.43826688e-02  4.80684526e-02  1.13843782e-02 -4.66934517e-02
  -7.63878375e-02  3.40449798e-04  2.68388097e-03  1.91336758e-02
  -2.06436776e-02 -1.38573507e-02 -3.44647169e-02 -1.31251093e-03
  -2.20705718e-02  2.14746874e-02 -1.18285473e-02 -4.93311808e-02
   1.53583977e-02  7.17867806e-04 -6.80380911e-02  2.51710918e-02
   2.88014417e-03 -2.68135834e-02 -2.84195766e-02  1.32388417e-02
   1.74448844e-02  5.08692302e-02  8.48095305e-03  7.31184194e-03
  -2.29639914e-02 -7.91999474e-02 -6.44707307e-03  4.78764437e-02
   1.32811833e-02 -2.35135667e-02 -8.23664106e-03  4.99623641e-03
   6.16957396e-02  4.07007374e-02 -3.26969810e-02 -3.22639048e-02
   4.54911217e-03 -7.78332129e-02  1.74003001e-02 -3.82062644e-02
   2.02527735e-02 -9.71449539e-03 -1.29802348e-02 -1.22425018e-03
  -3.23406644e-02  1.45958560e-02  1.87733453e-02 -4.08833399e-02
   2.83736293e-03  2.05628201e-02  5.10463342e-02 -7.53148401e-04
   2.94523649e-02 -6.98083546e-03  6.74801171e-02 -2.07667015e-02
  -1.02403769e-02 -1.71265267e-02 -2.18045269e-03 -1.88544369e-03
   2.09848434e-02  8.43995903e-03  2.95741893e-02 -3.58330738e-03
   4.51771356e-02 -1.23248035e-02 -1.88419111e-02 -4.15643528e-02
   5.64566664e-02  4.77630682e-02  3.95213161e-03 -1.60564296e-02
  -3.57645079e-02  3.45161296e-02  1.06667019e-02 -3.47250104e-02
   2.89752870e-03  2.71359086e-02  1.55958021e-02  8.47433805e-02
  -5.29943891e-02 -5.94830923e-02  3.38335745e-02 -1.49589153e-02
  -1.04976110e-02 -7.86483288e-03 -1.06009617e-02  3.60704437e-02
  -3.26130539e-03  4.72974554e-02  8.29909171e-04  1.19969333e-02
  -1.40928989e-02 -8.04062374e-03 -3.05254925e-02  3.11140232e-02
   6.72210976e-02  1.40024284e-02  4.76174653e-02 -3.07770688e-02
   1.62108224e-02  6.26485096e-03 -4.70299982e-02  3.49598601e-02
  -1.91730648e-01 -3.35087962e-02  8.14046934e-02 -1.37090189e-02
  -1.36973187e-02 -7.77223613e-03  3.62065695e-02  1.87715609e-03
   6.39944943e-03  2.62147258e-03 -7.77089819e-02 -1.00948550e-01
   1.80625543e-02  7.08663240e-02 -2.75965817e-02 -2.62608211e-02
  -4.19887826e-02 -1.34887937e-02  5.26362006e-03 -4.55550924e-02
   3.90883423e-02  1.45580787e-02 -3.78058217e-02  4.75855507e-02
  -1.30914152e-02  7.73192346e-02 -4.08214889e-02  1.07793389e-02
   1.54799316e-02  3.48262228e-02  1.82266394e-03  2.13343985e-02
   8.32096953e-03  3.31490114e-02 -1.12857921e-02  2.94555500e-02
   3.19819488e-02  3.69999488e-03  4.22867574e-02 -1.52599486e-03
   4.68088798e-02 -1.42296136e-03 -3.27194313e-04 -2.77459659e-02
   5.59158670e-03 -3.18598375e-02 -2.44110730e-02 -3.06701306e-02
   1.56472847e-02 -3.93579118e-02  8.81508365e-03 -4.82417457e-02
   1.28490319e-02 -7.27907643e-02 -2.66787950e-02 -1.61779094e-02
   2.18257289e-02  4.09451779e-03  3.63095640e-03 -4.60842699e-02
   5.40710054e-02  4.83667888e-02 -1.46947680e-02 -2.03850735e-02
  -8.14311504e-02 -2.12514102e-02 -4.20586579e-02 -1.24924472e-02
  -4.19596992e-02 -1.28966058e-02  3.97486128e-02 -2.21477058e-02
  -2.98878606e-02  8.06966491e-05  4.23344858e-02 -2.97314953e-02
   4.61942889e-03 -1.58675089e-02 -3.39864045e-02 -2.59470213e-02
  -1.99056417e-02 -7.29395002e-02 -3.58611271e-02 -1.68887973e-02
   1.84229482e-02 -7.05802441e-03  1.42602921e-02  9.09892395e-02
  -2.02641170e-02  4.85144136e-03  2.92604305e-02 -4.29908372e-02
  -1.81278083e-02 -2.57319212e-02  6.99214190e-02  2.73849797e-02
  -1.95990484e-02 -4.13470007e-02 -5.68908416e-02  2.94200443e-02
  -2.45200172e-02 -3.96386273e-02 -7.43744597e-02 -2.64058472e-04
  -1.33325299e-02  4.05734889e-02  3.70678678e-02 -1.30076613e-02
   2.36693751e-02 -1.78683121e-02  1.83393769e-02 -3.13567109e-02
   1.10520283e-02  4.11299057e-02  2.94681191e-02 -4.18604240e-02
  -1.70786935e-03  5.51495813e-02 -4.85270880e-02  3.32223959e-02
   2.84900498e-02 -2.20112577e-02  2.68401187e-02  2.67071053e-02
   1.92933694e-01 -5.08833351e-03 -1.43130880e-03 -1.92970280e-02
   6.40925467e-02 -2.81865466e-02 -5.46600530e-03 -3.51892747e-02
  -7.25371530e-03  6.18684925e-02 -2.38757078e-02 -5.07120863e-02
   7.96168577e-03 -1.67199131e-02 -1.00030527e-02  2.98123504e-03
  -5.90303587e-03 -1.90561153e-02 -5.65318912e-02 -2.24542692e-02
  -6.81579718e-03 -4.80538234e-02 -2.85859592e-02  3.99545878e-02
  -4.09084484e-02  4.96334359e-02  5.21679074e-02 -8.80644917e-02
   5.29264612e-03 -4.18958580e-03  2.37270333e-02 -2.44567879e-02
   2.61341184e-02  2.00594496e-02  3.10468982e-04 -2.14625942e-03
  -1.75373778e-02 -6.48009554e-02  6.62787771e-03  1.51954796e-02
   3.27898958e-03  1.35420086e-02 -3.43415625e-02  3.02739702e-02
   2.69944146e-02  1.87040940e-02  4.64773960e-02 -3.90623920e-02
   4.19301353e-02  3.56137604e-02  1.51388375e-02  1.50426337e-02
  -1.70136057e-02  6.79605007e-02  5.80699008e-04  1.12533085e-02
   5.11202700e-02  2.16730963e-03  2.55020801e-02 -1.67473499e-02
  -9.46248695e-03  8.95634666e-03  1.04755294e-02 -2.71687936e-02
  -7.18922913e-02 -2.71370392e-02 -1.29047101e-02 -5.56974001e-02
   4.63281851e-03  7.91120976e-02 -6.89725950e-02  1.67084858e-02
  -2.13022828e-02 -4.17637965e-03  1.92893036e-02 -3.73139717e-02
   1.79148111e-02  2.72314679e-02  2.26250421e-02  2.59791594e-02
  -3.68693843e-02  6.29277453e-02  1.90313403e-02  5.46968356e-02
  -3.83750116e-03 -4.41113263e-02 -2.84664687e-02 -2.99203792e-03
  -7.94517435e-03  1.02881640e-02  1.47816567e-02  1.38434209e-02
   6.13661259e-02  3.41607779e-02  3.63418236e-02 -2.87566297e-02
  -3.01634264e-03  8.93135555e-03  1.66943036e-02 -4.66938168e-02
   3.23312334e-03  3.36105637e-02  1.16372146e-02 -4.29084525e-02
  -2.95180548e-03  3.34737115e-02 -4.55122702e-02 -2.98827328e-02
   1.63346492e-02 -3.04459594e-04 -9.35440511e-03 -9.36670508e-03
  -1.10047273e-02 -4.53032665e-02 -2.03094464e-02  4.40869667e-02
  -9.76935029e-02  3.57821211e-02 -2.46147681e-02  3.96476164e-02
  -5.10682799e-02 -5.50254211e-02  4.43767989e-03  4.16812450e-02
   1.98896788e-03 -5.11014601e-03 -4.41062637e-02  3.86126935e-02
  -5.19336760e-02 -4.77902442e-02 -5.87291755e-02  5.12947217e-02
  -7.00442493e-02  2.36002412e-02 -3.43325064e-02  2.99425272e-04
   8.92908499e-03 -2.38078348e-02  1.60428341e-02 -7.80012971e-03
   4.33327630e-03 -2.33491492e-02 -3.97967687e-03 -3.78514342e-02
  -1.52164316e-02  1.33841177e-02  3.89653593e-02  4.02958170e-02
   2.43278835e-02 -8.96838531e-02  5.93738921e-04 -2.50236541e-02
   4.18490469e-02 -2.43815798e-02  8.88359547e-03 -2.93631796e-02
   1.10630621e-03 -4.33797576e-02 -3.52076651e-03 -3.08365356e-02
  -4.57496084e-02  1.83154996e-02  5.11242710e-02 -1.96659602e-02
  -1.08737350e-02 -8.73704031e-02 -1.08119715e-02  4.58889455e-02
   3.33764404e-02  1.34395659e-02  6.24368619e-03  4.82985228e-02
   1.50520576e-03 -2.76157036e-02  1.45417908e-02  4.18281090e-03
  -3.60005647e-02 -1.78349148e-02  6.80662766e-02  3.66843753e-02
   3.22868228e-02  2.88190059e-02  3.69491312e-03  1.59976427e-02
  -4.16298285e-02  6.55384883e-02 -7.97595829e-03 -2.10707113e-02
  -6.65105358e-02 -3.10203861e-02  3.79625857e-02  4.90714200e-02
  -1.01724565e-02 -3.79079245e-02 -4.00167182e-02  7.99506679e-02
  -5.55681214e-02  2.95729712e-02  7.83369541e-02 -9.02636535e-03
   6.99551031e-02 -4.87873610e-03 -9.14497953e-03  2.03643888e-02
   4.25170101e-02 -6.25844225e-02  1.40838523e-03 -1.14557557e-02
   3.56159685e-03  1.81486346e-02 -3.34230810e-02 -6.91931322e-02
  -3.53440642e-02 -7.44294897e-02  1.13092639e-01  1.39828268e-02
   4.25179303e-02 -5.42416200e-02 -2.32041888e-02  5.44071756e-02
   2.82156980e-03 -2.34479401e-02 -6.29816651e-02  2.49772985e-02
   6.65496662e-03 -1.91323347e-02  1.09311268e-02 -1.08560082e-02
  -4.48750965e-02  1.47359900e-03  1.69027615e-02  3.49711217e-02
   2.57240366e-02  1.18348480e-03  6.87325839e-03 -1.30093973e-02
  -2.01601759e-02  1.67424642e-02 -1.31935496e-02 -9.99544282e-03
  -8.77554528e-03  1.20707983e-02  2.36104373e-02 -3.61706829e-03
   5.75715862e-03 -3.50742564e-02  9.58230812e-04  6.37201667e-02
   6.09958135e-02  1.36783496e-02 -2.61768717e-02  6.30658760e-04
   4.63285111e-02 -9.84359439e-03 -4.61847335e-02  2.73836944e-02
  -3.71674970e-02 -7.56982109e-03  6.58762753e-02 -7.15529034e-03
  -3.38716134e-02 -4.86116819e-02 -2.83503961e-02 -2.84455959e-02
   2.79422123e-02  1.40766455e-02  1.03845180e-03 -1.09279184e-02
   7.02593150e-03  1.65424347e-02  3.17552872e-02  2.24809675e-03
   2.16175616e-02 -6.94330735e-03 -8.09713900e-02  3.31107564e-02
  -6.11169357e-03  2.61731111e-02 -1.18647907e-02 -3.64967398e-02
  -3.45891640e-02  3.34354565e-02 -6.80112839e-03  2.68678297e-03
   5.88045828e-02  4.95101465e-03  2.58258432e-02  4.38772999e-02
  -3.02398317e-02  4.75464761e-03 -3.41877677e-02  2.59458460e-02
   3.83252725e-02 -5.28589003e-02 -3.99373211e-02  5.63692860e-03
   5.02622575e-02 -1.78208412e-03 -1.93366036e-02 -1.16805490e-02
   2.05347519e-02 -1.69278448e-03 -3.61556374e-03  3.43417823e-02
   4.39743176e-02  6.67784363e-03 -1.64942723e-02 -3.16769294e-02
   6.59167906e-03 -6.78712875e-02 -3.73916663e-02 -1.89551450e-02
   1.63011886e-02  4.23013382e-02  8.32504779e-03 -6.72233179e-02
   1.49128549e-02 -1.08995875e-02  3.63783687e-02  7.91091472e-03
  -1.77459475e-02  1.61038227e-02 -7.12207481e-02 -3.24117504e-02
   1.06187630e-02  2.90598366e-02  2.20090966e-03 -4.09711227e-02]]