[ 3.81074324e-02  7.75363902e-03  2.36848835e-02 -1.35047147e-02
 -2.39834618e-02  3.00437585e-02  1.06736906e-02  1.54924728e-02
 -5.26072644e-03  7.51760835e-03 -1.47110885e-02  7.51051493e-03
 -1.00770909e-02  4.68008453e-03  2.53906976e-02  1.71701715e-03
  7.73871038e-03 -1.67052168e-02  1.28721995e-02 -4.87324595e-03
  1.31418407e-02 -1.98242348e-02 -1.00929728e-02 -4.64041950e-03
 -6.14491254e-02 -7.16496818e-03 -1.93554834e-02 -1.37759112e-02
 -2.27837153e-02 -1.03576211e-02 -1.83988772e-02  3.50318733e-03
  1.06564071e-03 -1.74642145e-03 -3.71000962e-03 -1.79668341e-03
  1.18545294e-02 -1.37206297e-02 -3.20685357e-02 -2.46115196e-02
  4.76390272e-02 -1.08123734e-03  4.72554611e-03  1.96503811e-02
  1.21504376e-02  3.73539515e-02  1.93893928e-02  3.34738614e-03
 -1.93029679e-02 -7.38092605e-03  1.00699235e-02  1.97901693e-03
  9.13423393e-03  1.54646588e-02 -1.26758497e-03 -1.01640867e-02
 -1.30864410e-02  1.32320495e-02 -2.54004057e-02 -2.54049785e-02
 -2.31929659e-03 -1.36515163e-02  1.34600066e-02  1.28036290e-02
  2.89032515e-02 -4.44764271e-03  9.68938507e-03 -6.62499014e-03
  3.57393920e-03 -4.53227572e-03  5.64314285e-03  3.12764831e-02
  5.81240142e-03  8.49793572e-03  1.71735343e-02  1.64361112e-02
 -1.50255943e-02 -4.16146591e-02 -9.65697982e-04  4.06555744e-04
 -5.50149707e-04  4.98353178e-03 -1.06264446e-02  7.79579952e-03
  2.26157177e-02 -1.43632274e-02  3.09809041e-03  3.12108384e-03
 -3.58562823e-03 -4.90028551e-03  5.67417778e-03 -1.14564411e-02
  5.91549184e-03 -7.20814709e-03 -3.96613451e-03 -1.42274040e-03
  7.20153609e-03 -2.67654061e-02  2.42702919e-03  9.44926683e-03
 -5.67027591e-02  4.30307584e-03 -8.49635899e-03 -1.50295841e-02
  9.00315121e-03 -1.63237751e-02  1.34962788e-02 -7.64202850e-04
  1.19180279e-02  1.17327683e-02  1.96858458e-02 -1.57563877e-03
 -1.06699206e-02 -6.92585576e-03  7.62162125e-03  2.72636916e-02
 -7.84801133e-03 -2.79002134e-02 -4.50791456e-02 -1.71181671e-02
 -2.30081473e-03 -1.20757958e-02  1.87809803e-02  1.35595491e-02
  2.49760449e-02  1.28452927e-02 -1.08288815e-02  7.81035190e-03
  1.34409044e-03  2.53804829e-02  2.88595725e-03  5.28048240e-02
 -1.69325545e-02 -2.90473234e-02  6.90242788e-03 -2.50278041e-03
 -2.34410558e-02  1.96093787e-02  7.68960547e-03 -2.13031191e-02
 -2.19506621e-02  7.18189171e-04 -7.19186058e-03 -2.81624496e-02
  7.13760452e-03 -1.47128813e-02  2.39371113e-03 -4.03796881e-03
 -4.08388674e-04  2.95841433e-02  2.86980607e-02 -1.45129329e-02
  1.31830126e-02  1.75145343e-02  5.91175491e-03  2.46911626e-02
  4.25590063e-03  4.41611465e-03 -1.33926552e-02 -1.54402491e-03
  2.60479040e-02 -1.05697447e-02  6.43567974e-03  3.66090122e-03
 -2.08617300e-02 -1.38140945e-02 -2.84396075e-02 -1.98009070e-02
  1.72779653e-02 -1.63087144e-03  1.11270556e-02 -2.39470061e-02
 -1.47984428e-02 -7.57198723e-05  5.49710030e-03  1.45723708e-02
  1.38031235e-02 -9.60208476e-02  2.08002776e-02 -1.32667413e-02
  8.24671611e-02 -1.79920942e-02  1.04025388e-02 -5.26327873e-03
 -2.33497750e-02 -1.35413771e-02 -8.00035056e-03 -2.14463454e-02
 -4.89190267e-03 -4.67000008e-02 -1.46190822e-02  1.44988978e-02
 -1.10931601e-02 -5.66969207e-03 -3.70951556e-03  1.58779770e-02
 -5.70972152e-02 -9.14369896e-03  3.10004642e-03  9.82112717e-03
 -1.09099867e-02  3.50858904e-02 -1.25203119e-03  3.16180754e-03
 -2.53238846e-02  1.00418953e-02 -9.48100630e-03  1.54997199e-03
  3.22203040e-02 -1.16454884e-02  4.04660730e-03 -5.92624965e-05
 -3.14592421e-02  2.29988596e-03  1.98307484e-02  8.58213194e-03
  5.56707010e-03  2.17596330e-02  8.11853074e-03 -4.38252911e-02
 -3.27182636e-02  1.70858260e-02  1.30136739e-02 -3.99045609e-02
  1.30758677e-02 -1.52249429e-02  2.61123162e-02  1.15539005e-03
  2.28057001e-02 -9.38847940e-03 -1.10950004e-02  3.10486212e-04
  5.70428930e-02 -1.50261493e-02 -6.40553236e-03  3.22025493e-02
  3.05694565e-02  5.98877259e-02 -2.72065122e-02  2.95028486e-03
 -1.33626163e-02 -1.14132212e-02  1.41218984e-02 -2.55424920e-02
 -3.07390541e-02  4.18906696e-02 -1.65826585e-02 -5.79268998e-03
 -8.39213282e-03 -2.10684375e-03  1.46824354e-02  4.30172402e-03
 -2.84491968e-03  1.76741264e-03 -1.72134135e-02 -1.59984012e-03
 -1.76656246e-02 -3.92824337e-02  1.14052156e-02 -6.56428635e-02
 -2.62174793e-02  9.21726134e-03 -2.50121746e-02  9.35232267e-03
 -1.49578322e-02  1.12965629e-02  2.25770660e-02 -5.09454403e-03
 -1.42322970e-03  1.19842142e-02  2.41983421e-02 -1.56274065e-02
 -5.98484790e-03 -2.42425781e-03  5.64237405e-03 -6.52556028e-03
 -6.90272171e-03  8.36682878e-03 -9.65304673e-03 -2.96879513e-03
 -1.33371516e-03 -7.61987194e-02 -2.21902207e-02 -1.59821082e-02
  4.11889553e-02  2.47098487e-02  4.88654105e-03  4.60752891e-03
 -5.33996755e-03 -7.99931306e-03 -1.41749773e-02 -5.34167280e-03
 -2.49443203e-02  1.42430915e-02  1.28155435e-03  3.06280032e-02
 -2.78983340e-02  7.15259509e-03 -2.35238671e-02  2.53051408e-02
 -3.16935144e-02  1.60321426e-02  3.48274745e-02 -1.77250169e-02
  1.79213416e-02  1.33196339e-02  4.42282204e-03  1.52845159e-02
  4.51388583e-03  3.85180861e-02 -4.00168530e-04 -2.05008090e-02
 -5.64955361e-02  2.21544667e-03  1.37871271e-02  2.00611027e-03
 -7.70682544e-02 -2.11495887e-02 -4.98051057e-03  5.56020672e-03
 -2.58667711e-02 -2.37732772e-02  1.42664835e-02  2.05203611e-02
  8.60395667e-04 -4.27334383e-03 -2.31883302e-02 -1.34412749e-02
 -2.30281297e-02  6.07500374e-02  1.97105837e-04  2.68258937e-02
 -4.76865564e-03 -2.21658424e-02  1.00107109e-02  5.15789771e-03
 -1.41009390e-02  3.36577767e-03 -3.73030873e-03  1.42844412e-02
 -2.95846909e-02 -1.16341943e-02  6.65915292e-03  1.15714148e-02
 -2.93544065e-02 -1.22807929e-02 -3.85220652e-03  5.62043255e-03
 -3.27421767e-05 -1.61079634e-02  4.22212183e-02  2.22667418e-02
  2.16291137e-02  6.68870611e-03  4.81861876e-03 -1.50141306e-02
  7.56126037e-03  4.18164767e-02  3.95053346e-03  1.81110315e-02
 -4.86528082e-03  2.11852156e-02 -9.24930423e-02 -3.80905233e-02
  3.32843438e-02  4.90458636e-03  2.59356424e-02  5.31309191e-03
 -6.59928075e-04 -1.48276528e-02 -2.37030257e-02 -8.81597307e-03
 -2.11749393e-02  1.62848104e-02 -5.91826765e-03  8.81393533e-03
 -1.63419917e-02 -9.51985363e-03 -1.18175382e-02  3.71440351e-02
  1.82103068e-02  2.46078707e-03  7.91505259e-03 -1.07583646e-02
 -7.03536905e-03 -3.25199729e-03 -1.21646849e-02  1.77471284e-02
  7.13299727e-04  2.23819055e-02 -5.79301547e-03  9.33391857e-04
  3.17131123e-03  2.82390676e-02  1.81600265e-02  3.56964883e-03
  2.27905586e-02  5.87466732e-03 -1.87252760e-02  2.24344153e-03
  2.54006758e-02  1.03944400e-02 -2.55155494e-03  2.56303535e-03
 -4.19231653e-02 -3.50364596e-02  7.59296963e-05  7.94817880e-03
 -2.59181187e-02  1.72542240e-02  5.90408174e-03 -5.81621286e-03
  9.37513076e-03 -5.30538738e-01  3.21772974e-03  1.14063639e-02
  1.14768296e-02  1.28787616e-02  2.29189242e-03 -3.15051936e-02
  1.02764610e-02  2.51457561e-03 -3.93929612e-03  2.07298826e-02
  2.65596882e-02  2.27936525e-02  2.46873014e-02  9.84455831e-03
  5.98419830e-03 -1.56146334e-02 -1.05362674e-02  2.69568153e-03
  9.20527335e-03 -6.82678632e-03  3.14660110e-02 -2.85277311e-02
 -3.19866277e-02 -1.51918242e-02 -1.84583559e-03 -3.18887038e-03
  6.86807483e-02  1.33161321e-02 -4.20983927e-03 -1.69838648e-02
  1.23279886e-02  2.36283895e-03 -4.21569031e-03 -3.40142986e-04
  2.39365431e-03 -1.07788888e-03  1.07159540e-02 -3.18985246e-02
 -6.36992883e-03 -1.50915598e-02  4.62430110e-03 -1.11721875e-02
  2.89893132e-02 -2.24077031e-02 -2.31197905e-02  5.07456483e-03
 -1.49873635e-02 -6.96226303e-03  1.74452811e-02  9.72935632e-02
  2.55951602e-02  1.38500696e-02  1.45258158e-02  8.47414732e-02
  5.14267152e-03  3.01756691e-02  5.77438949e-03 -5.96423494e-03
  2.81684026e-02 -4.02405101e-04  2.21963250e-03  6.96335454e-03
 -2.21710596e-02 -1.61680989e-02 -1.27921803e-02 -1.46543945e-03
  1.44469235e-02 -3.13833775e-03  1.45315565e-02  8.06079526e-03
 -5.97228669e-03 -5.88012626e-03  6.18737540e-04 -1.54417632e-02
  1.58581045e-02 -1.18773542e-02  3.86689678e-02  1.74295902e-02
  2.48169550e-03  2.68120077e-02  3.58725991e-03 -1.75562277e-02
  1.63900736e-03  4.81833296e-04  5.20240376e-03 -2.47100908e-02
 -5.29715791e-03  1.43186990e-02  3.40371765e-02 -2.19746716e-02
 -1.55400261e-02  4.23284061e-03  6.86848117e-03  8.76238476e-03
  2.52703018e-02  4.87719672e-06 -1.87483169e-02  2.55719200e-02
 -1.91973317e-02 -1.93375663e-03 -5.47353923e-03  8.75097793e-03
  3.47923040e-02 -2.11160369e-02 -2.05079606e-03  4.36481722e-02
 -4.94713197e-03 -6.47063862e-05  2.27497984e-02  3.96648189e-03
 -1.90381873e-02  2.69132142e-04  1.08292606e-02 -2.31877733e-02
 -3.89144719e-02 -2.20857169e-02  5.56978285e-02  3.73424147e-03
 -1.13502014e-02 -6.07051468e-03  2.44709607e-02 -3.67489271e-02
  3.26953046e-02 -2.12609358e-02  3.76163945e-02 -1.63429976e-02
  6.72393246e-04 -1.11629693e-02 -2.49675661e-02  3.13007012e-02
 -2.67042909e-02 -8.07791483e-03 -2.36727539e-02 -5.58076613e-03
  4.28639166e-03 -1.11572826e-02  4.16832929e-03 -1.83230769e-02
 -8.99805501e-03  6.50753779e-03  4.91951182e-02 -1.28131341e-02
 -1.29120067e-01  8.27522366e-04 -3.49735245e-02 -2.62407735e-02
  6.84359744e-02 -3.56555334e-03 -1.42413722e-02 -3.51947616e-03
 -5.67989573e-02  8.60972144e-03  9.40096751e-03  1.40004186e-02
 -4.37415997e-03  1.49896638e-02 -4.53249142e-02 -2.31598434e-03
 -2.51803808e-02  2.46064700e-02  4.00563665e-02 -1.75479781e-02
  2.77544465e-02 -1.58548728e-02 -2.13811100e-02 -3.01884897e-02
 -6.41947798e-03 -3.05263102e-02 -2.79454868e-02 -5.41016599e-03
 -4.29949490e-03  1.21045075e-02  1.59423929e-02  4.83773230e-03
  7.98046496e-03  1.07812369e-02 -5.31794168e-02  2.93560512e-02
  1.45798698e-02  2.93782866e-03  1.05542806e-03 -2.15971144e-03
 -1.37742339e-02  9.13540088e-03 -2.04436554e-04 -3.00309213e-04
 -2.07707230e-02  4.62001376e-02 -7.76952540e-04  1.27790924e-02
  8.85716639e-03  1.34273795e-02 -8.37251358e-03  2.07360964e-02
 -2.41392795e-02  3.62975104e-03  1.89119596e-02  3.18800248e-02
 -1.35651315e-02 -5.79438056e-04  2.36097183e-02  1.63966715e-02
  1.51907559e-02  2.16738158e-03  1.94972381e-02 -3.17825121e-03
  1.77267510e-02 -6.11554319e-03  4.16728929e-02 -2.14346306e-04
  3.07549890e-02  3.43538001e-02  1.98482093e-03  2.70855818e-02
  5.90337021e-03 -2.89923195e-02  3.11810989e-02  3.80777046e-02
 -5.28869359e-03 -2.47546583e-02  5.46145346e-03 -1.17126979e-01
  1.85727328e-02  1.23226941e-02  1.16768582e-02 -2.99322680e-02
 -1.36980088e-02  2.79155970e-02 -2.54441239e-02 -4.51873206e-02
  5.66363513e-01  8.98768846e-03 -1.12493858e-02 -1.87982693e-02
  1.77614354e-02 -3.28555703e-02 -1.09515502e-03 -1.11939907e-02
  6.47465279e-03 -1.92978028e-02  1.05932448e-02 -1.00325374e-03
  9.17559396e-03 -2.21251026e-02 -3.65280756e-03  5.52311391e-02
  2.26804037e-02  6.23263326e-03  5.06063402e-02  1.15696862e-02
 -6.57044351e-03 -1.49002038e-02 -9.52838268e-03 -1.45884715e-02
 -1.25379898e-02 -2.72804778e-02  2.06852164e-02  7.72116892e-03
 -8.10049195e-03 -1.96580831e-02  1.64424833e-02  9.16149933e-03
 -1.39294285e-02  3.01888026e-02 -2.30767317e-02  2.31904839e-03
  4.36009578e-02 -4.41756519e-03  1.12075889e-02 -4.27161623e-03
 -5.66860952e-04  2.04894971e-02 -1.73914898e-02 -1.52985076e-03
  2.79583409e-02  2.33176965e-02 -4.45495686e-03 -5.98774105e-03
  6.40610307e-02  1.35375457e-02  1.64651349e-02  2.09631100e-02
  5.79610001e-03 -1.18644554e-02  9.23668314e-03 -1.57432705e-02
 -2.16866843e-02 -1.69220325e-02  1.84825249e-02  5.39793149e-02
  2.14758722e-04 -1.08088215e-03 -9.01672640e-04 -6.85735326e-03
  2.15951912e-02 -1.54216075e-03 -2.45567299e-02  1.30097093e-02
 -2.29844321e-02  1.58457067e-02  1.14874095e-02 -5.61496383e-03
  1.13929808e-02  2.84498241e-02  1.20695550e-02 -1.90014020e-02
 -1.10997045e-02 -1.65034563e-03  3.10629769e-03 -1.24794260e-01
  5.56014804e-03 -3.92045006e-02 -1.44359935e-02 -6.50881371e-03
 -7.29296822e-03 -1.05188917e-02 -1.77911320e-03 -2.74051055e-02
 -1.45992124e-02  8.53231363e-03 -9.33442516e-06 -2.36097183e-02
  1.93234943e-02 -2.30786158e-03  1.22682760e-02 -2.07663123e-02
 -1.38322292e-02 -2.71888822e-03 -2.86591891e-02  2.00556014e-02
 -2.94733956e-03 -1.04719261e-03  1.95887103e-03 -3.06520425e-02
 -4.19054665e-02  3.25415283e-02  2.07408275e-02  1.70438364e-02
  5.86256338e-03  1.81215524e-03  2.94323675e-02 -5.88691123e-02
  3.60837206e-02  7.62223685e-03  8.31737928e-03 -4.23679948e-02
 -6.71786582e-03 -1.04621733e-02 -4.03991379e-02  2.45833583e-02
  1.70429517e-02  7.72460317e-03  3.45811225e-03 -1.80156194e-02]